mjd,counts,event
59087.74603353228,-1.7379525812427699,0.0
59087.752978050936,-0.7454876430850147,0.0
59087.759922569654,-2.1574523260674554,0.0
59087.76686708854,0.572409671670502,0.0
59087.77381160749,-1.1479416061109398,0.0
59087.78075612655,-3.5449257411105775,0.0
59087.78770064568,-2.2901769811471295,0.0
59087.79464516485,-0.6883857400923228,0.0
59087.80158968415,-2.341332515548,0.0
59087.808534203505,-1.3767277745539597,0.0
59087.81547872298,-1.6692252051878151,0.0
59087.822423242455,-0.8361405879323902,0.0
59087.82936776204,-1.1378864803829472,0.0
59087.83631228169,-3.0888312170320202,0.0
59087.84325680139,-0.7575379936648012,0.0
59087.8502013211,-4.834984773702226,0.0
59087.85714584091,-2.326272324402563,0.0
59087.864090360796,-1.1076122759258715,0.0
59087.87103488068,-1.5956684301943977,0.0
59087.87797940067,-2.2650981111345514,0.0
59087.88492392067,-2.4052611570720943,0.0
59087.89186844066,-4.068556637272983,0.0
59087.898812960775,-2.9945927203864553,0.0
59087.90575748088,-1.4137161873654072,0.0
59087.912702001,-1.3779293964163084,0.0
59087.91964652123,-1.3069950861505664,0.0
59087.926591041396,-2.35889510238514,0.0
59087.93353556168,-0.7374733316526891,0.0
59087.94048008191,-1.0603597174773167,0.0
59087.9474246022,-0.8967761363923475,0.0
59087.95436912254,-1.9383325022793787,0.0
59087.96131364289,-2.6708643616782393,0.0
59087.96825816323,-1.526770189068444,0.0
59087.97520268358,-2.4530789774396076,0.0
59087.98214720398,0.09640559365358115,0.0
59087.98909172438,-1.831503222919342,0.0
59087.99603624479,-2.7640196156717023,0.0
59088.002980765246,-1.9173122400356695,0.0
59088.00992528565,-0.2854875159496333,0.0
59088.01686980611,-0.19957859909112224,0.0
59088.023814326574,-2.5924771828677575,0.0
59088.03075884703,1.1929034708923667,0.0
59088.037703367496,-1.065794222995529,0.0
59088.04464788796,-0.7319599011981609,0.0
59088.05159240842,-0.606940553585766,0.0
59088.05853692888,-1.0238583111876998,0.0
59088.06548144934,-1.4585115684409518,0.0
59088.0724259698,-1.965050301644613,0.0
59088.07937049026,-1.3345337507785648,0.0
59088.08631501078,-0.894030187743268,0.0
59088.09325953119,-0.8642373588945309,0.0
59088.10020405165,0.2563480440598809,0.0
59088.10714857211,-2.1165795901577216,0.0
59088.11409309257,-0.8310502406430053,0.0
59088.121037612975,-0.8662661645943006,0.0
59088.12798213343,-2.2178660343582726,0.0
59088.13492665384,-0.35174765926046625,0.0
59088.141871174244,-1.4121778519132369,0.0
59088.14881569464,-0.8535361471297919,0.0
59088.15576021499,0.09887238063092374,0.0
59088.16270473539,-3.6716308046339776,0.0
59088.16964925574,0.2447336976810044,0.0
59088.17659377608,-0.7038839557801069,0.0
59088.18353829643,-2.427179474574805,0.0
59088.19048281671,-0.8691180706451787,0.0
59088.197427337,-1.2982404030559853,0.0
59088.20437185729,-0.9797548245948315,0.0
59088.21131637757,-0.7093578256730287,0.0
59088.218260897804,-0.018445070661660457,0.0
59088.22520541803,-0.6432325407402855,0.0
59088.23214993826,-1.308250319010053,0.0
59088.239094458426,-0.9567546238129729,0.0
59088.2460389786,0.05994379981125597,0.0
59088.252983498765,-0.45977533500127554,0.0
59088.25992801888,-2.1352289220163407,0.0
59088.266872538996,0.36244811328291004,0.0
59088.273817059104,-0.07093984093455685,0.0
59088.28076157916,-0.8666237189931356,0.0
59088.28770609921,-0.35727867141022573,0.0
59088.29465061927,-0.46803477148047423,0.0
59088.30159513926,-1.9044379324629785,0.0
59088.30853965926,-0.9831524755715776,0.0
59088.3154841792,-0.6639181069206816,0.0
59088.32242869913,-2.1988006892513026,0.0
59088.32937321907,-2.5254737523002424,0.0
59088.33631773895,0.17487233553559123,0.0
59088.34326225877,0.06700321774797491,0.0
59088.35020677865,-0.8310757250748323,0.0
59088.35715129847,-0.20893600635511467,0.0
59088.36409581823,-2.202190755138924,0.0
59088.371040337996,-0.217043796302832,0.0
59088.377984857696,-3.1376330389952525,0.0
59088.38492937746,-2.4722757101779256,0.0
59088.39187389711,-0.7289451085282603,0.0
59088.398818416754,-2.91277681977415,0.0
59088.4057629364,-1.101005360259094,0.0
59088.412707456046,-1.9158119630566657,0.0
59088.41965197558,-0.32586028934746814,0.0
59088.42659649516,-1.6929396229682747,0.0
59088.433541014696,-2.552172620642525,0.0
59088.44048553417,-0.04426206733056359,0.0
59088.44743005364,-1.9646953922213357,0.0
59088.45437457311,-1.6167499128538085,0.0
59088.46131909252,-0.43002136668600716,0.0
59088.46826361188,0.40522786603488903,0.0
59088.47520813123,-1.3239455786398246,0.0
59088.48215265059,-1.267463381509951,0.0
59088.48909716989,-0.10278163867114465,0.0
59088.496041689184,-3.007782372381738,0.0
59088.50298620843,-0.5422659972262409,0.0
59088.5099307276,-0.8594914205798315,0.0
59088.51687524679,-2.1316907752533374,0.0
59088.523819765964,-0.265312542207108,0.0
59088.53076428509,-1.0343505544323919,0.0
59088.53770880421,-0.709139506323216,0.0
59088.544653323275,0.9731341801862798,0.0
59088.55159784234,-1.106808089681769,0.0
59088.558542361345,-2.81092258447793,0.0
59088.565486880354,-0.883592682261142,0.0
59088.5724313993,-1.0753486644645518,0.0
59088.57937591825,-1.5152828132995235,0.0
59088.586320437134,-1.2686030892792224,0.0
59088.59326495597,0.4269256173692249,0.0
59088.60020947486,-0.7338886442685573,0.0
59088.60715399363,-0.771890246539457,0.0
59088.61409851241,-1.0510489670204581,0.0
59088.62104303118,-1.885748547342587,0.0
59088.627987549895,-1.6123331537791898,0.0
59088.634932068606,-0.9115749971599951,0.0
59088.641876587266,-0.011934885937262663,0.0
59088.64882110592,-1.9270134777865975,0.0
59088.65576562452,-2.6259831014944384,0.0
59088.66271014312,-0.035015229016485905,0.0
59088.66965466166,-0.21840765735538148,0.0
59088.676599180144,0.10986494271923264,0.0
59088.68354369862,-0.9350953604863057,0.0
59088.69048821711,-2.645083201017018,0.0
59088.697432735535,-0.7239024281770894,0.0
59088.704377253955,-0.9328001452816708,0.0
59088.71132177232,0.35958792197951384,0.0
59088.71826629063,-1.5612918728249254,0.0
59088.72521080894,1.4801840962748551,0.0
59088.73215532724,-0.08641070243227633,0.0
59088.739099845494,-2.798153394134286,0.0
59088.74604436374,-2.460253017145626,0.0
59088.75298888193,-2.914200845978397,0.0
59088.75993340007,-2.891653056617316,0.0
59088.7668779182,-2.5500325483878976,0.0
59088.773822436335,-0.9356089708290471,0.0
59088.780766954405,-2.42056895130563,0.0
59088.78771147248,-1.2424825768617953,0.0
59088.794655990496,-0.8412102455839633,0.0
59088.80160050846,-0.747667026092953,0.0
59088.80854502642,-0.16306784691939613,0.0
59088.81548954437,-2.241078786607305,0.0
59088.82243406228,-1.1903488207720503,0.0
59088.829378580114,-1.980269586226326,0.0
59088.83632309796,-2.7834440209477966,0.0
59088.8432676158,-2.2740769351759145,0.0
59088.850212133584,0.7834457412929716,0.0
59088.857156651364,-0.9332224906436495,0.0
59088.86410116909,-2.8919828555289238,0.0
59088.87104568676,-1.35609604957386,0.0
59088.877990204426,-1.4477687880335681,0.0
59088.8849347221,-1.09024045156773,0.0
59088.8918792397,-2.0761875323135217,0.0
59088.898823757314,-1.9194061554068629,0.0
59088.90576827486,-0.31678959781469707,0.0
59088.91271279236,1.0970969326336437,0.0
59088.91965730991,-0.7583699066693806,0.0
59088.92660182734,1.0159378732554427,0.0
59088.93354634478,-0.11860483512820286,0.0
59088.94049086221,-1.3453258731491897,0.0
59088.94743537959,-0.6106623059250644,0.0
59088.95437989696,-1.020466732478848,0.0
59088.96132441428,-2.7317400857603586,0.0
59088.968268931596,-2.3159629072274193,0.0
59088.97521344886,-0.45839608442964974,0.0
59088.98215796612,-0.19319298052488865,0.0
59088.98910248332,-0.4239559282965655,0.0
59088.996047000524,0.6683143354994106,0.0
59089.002991517664,-2.540882909042012,0.0
59089.00993603481,-0.9902319943821212,0.0
59089.01688055195,-2.1284828592005356,0.0
59089.02382506904,-0.5499886643403804,0.0
59089.03076958607,0.6523808930650117,0.0
59089.03771410309,-1.3252775223502895,0.0
59089.04465862012,-0.37391735219752625,0.0
59089.051603137086,-0.16217874973881974,0.0
59089.058547654,-1.7302257136703008,0.0
59089.06549217091,-1.4429504339689554,0.0
59089.07243668782,-0.25749288701093165,0.0
59089.079381204676,-0.6458123568963104,0.0
59089.086325721524,-0.3523959358116917,0.0
59089.09327023832,-3.0320322111722935,0.0
59089.10021475511,-0.5174467569473215,0.0
59089.10715927185,-0.6666361781468015,0.0
59089.11410378858,-0.3466338425661749,0.0
59089.121048305264,-0.505712612331825,0.0
59089.127992821945,-1.2914540642453751,0.0
59089.13493733862,-1.3853505373893946,0.0
59089.14188185524,-1.567057295299039,0.0
59089.1488263718,-1.0113810788314757,0.0
59089.15577088842,1.023044735227261,0.0
59089.16271540492,0.547761609031652,0.0
59089.16965992143,-1.3557707732723363,0.0
59089.176604437926,-1.1324798196922488,0.0
59089.18354895443,-0.9253544692554597,0.0
59089.19049347082,-1.1801625499781359,0.0
59089.19743798726,-1.3603115093266513,0.0
59089.20438250365,-0.6031398431619475,0.0
59089.21132701998,-3.5397696269381225,0.0
59089.21827153631,0.8817945821828407,0.0
59089.22521605263,-2.018794451268981,0.0
59089.23216056891,-1.7071629892627669,0.0
59089.23910508517,-1.471423036521462,0.0
59089.24604960139,-1.0180781119666116,0.0
59089.2529941176,-1.9056664345073435,0.0
59089.25993863381,0.3602777690190363,0.0
59089.26688314997,-0.5499695057632505,0.0
59089.27382766606,-0.9312755086603058,0.0
59089.28077218216,-2.0215355524534213,0.0
59089.28771669825,-1.7168545658458927,0.0
59089.29466121429,-2.9765614625140913,0.0
59089.30160573033,-0.6102130551054165,0.0
59089.308550246365,-2.4242203091898396,0.0
59089.31549476235,-1.12170463027506,0.0
59089.322439278265,-0.6697472384608696,0.0
59089.32938379419,-1.9848410877698135,0.0
59089.336328310106,0.9951474770164137,0.0
59089.34327282603,-0.8998084675551415,0.0
59089.35021734184,-1.4060733707498088,0.0
59089.3571618577,-0.3661735267829944,0.0
59089.364106373505,-2.759287810019249,0.0
59089.37105088925,0.24653329774658173,0.0
59089.377995405055,-0.3308678627476125,0.0
59089.38493992074,-2.6319265196274837,0.0
59089.39188443649,0.10568444234495827,0.0
59089.39882895218,-2.569100707207905,0.0
59089.405773467806,0.18993803610531246,0.0
59089.41271798344,-2.227944176626348,0.0
59089.419662499065,-0.437258227933166,0.0
59089.42660701464,-2.8720922852618207,0.0
59089.43355153021,-0.8639453795908154,0.0
59089.44049604578,-3.0078408734545317,0.0
59089.44744056129,-1.9820476704646883,0.0
59089.45438507681,-0.23677776949022777,0.0
59089.46132959227,-2.4803716506329403,0.0
59089.46827410772,-0.7575411882933174,0.0
59089.47521862312,-0.8107531048756667,0.0
59089.48216313851,-0.7606773132803123,0.0
59089.48910765391,0.5009094173077622,0.0
59089.496052169256,-1.6231799758051921,0.0
59089.50299668459,-1.1165912156190279,0.0
59089.50994119993,0.13238427688668808,0.0
59089.51688571521,-0.4160853488027044,0.0
59089.523830230435,-2.248219501609569,0.0
59089.53077474571,-0.9310213904251889,0.0
59089.53771926094,-2.0344607140183637,0.0
59089.5446637761,-1.6272509510686064,0.0
59089.551608291265,-3.4826701847733466,0.0
59089.55855280643,-0.7676438730678419,0.0
59089.565497321535,1.2403288137828958,0.0
59089.572441836644,-0.4591795614964814,0.0
59089.57938635175,0.29828845304915086,0.0
59089.5863308668,-0.175485267942053,0.0
59089.59327538185,-0.8168499764702981,0.0
59089.600219896834,-1.3372263443482464,0.0
59089.60716441183,-1.8923967302888989,0.0
59089.61410892681,0.05274727007369373,0.0
59089.62105344175,-0.6038715902334675,0.0
59089.627997956675,-2.7715906229496454,0.0
59089.63494247161,-2.5555163588233776,0.0
59089.64188698649,-1.0481903789722062,0.0
59089.648831501356,0.13784746810623127,0.0
59089.655776016174,-0.6003398957575552,0.0
59089.662720530985,-2.1836913059502367,0.0
59089.6696650458,0.01879565725644472,0.0
59089.676609560556,-1.746015093968732,0.0
59089.683554075316,-1.6020108334410659,0.0
59089.69049859001,0.8073549585002325,0.0
59089.69744310477,-0.21752374779498668,0.0
59089.704387619415,-2.387378528512284,0.0
59089.71133213411,-1.4018822579448766,0.0
59089.71827664875,-2.4312380934402347,0.0
59089.72522116339,-0.6727229223585663,0.0
59089.732165677975,-4.343665139858226,0.0
59089.73911019255,1.5655391400125578,0.0
59089.74605470714,-0.37294494227575115,0.0
59089.75299922166,-2.5916771299170165,0.0
59089.759943736186,-0.12775748883787352,0.0
59089.766888250655,-0.23896038764946914,0.0
59089.77383276512,-3.178169005111049,0.0
59089.780777279586,-2.052154654771335,0.0
59089.78772179405,-0.5455344874039405,0.0
59089.79466630846,-2.3113207289395956,0.0
59089.80161082286,-1.7790333105232958,0.0
59089.808555337215,-1.5776930974276175,0.0
59089.81549985157,-1.8270259274400475,0.0
59089.82244436591,-0.6014714876661373,0.0
59089.82938888021,-0.9145042174641475,0.0
59089.836333394494,-2.289123754316169,0.0
59089.84327790879,-1.403767142849825,0.0
59089.85022242302,-1.381470464319552,0.0
59089.857166937254,-1.774222007864677,0.0
59089.86411145149,0.4845622779879335,0.0
59089.87105596566,-0.8596919783228275,0.0
59089.87800047984,-0.12413320937500327,0.0
59089.88494499401,-3.747807997146386,0.0
59089.89188950813,-1.8250013697681386,0.0
59089.89883402225,0.40537023822344614,0.0
59089.905778536304,-2.8078497462672827,0.0
59089.912723050424,-1.473947899419352,0.0
59089.91966756448,-0.5330067955874269,0.0
59089.92661207848,-0.40977690659045063,0.0
59089.93355659248,-1.618454066825391,0.0
59089.94050110648,-0.8625312352324788,0.0
59089.94744562048,-1.9209791545468085,0.0
59089.95439013442,-0.8330498676677334,0.0
59089.96133464837,-1.520655736834386,0.0
59089.968279162305,-0.5979716791276442,0.0
59089.97522367619,0.444263830080627,0.0
59089.98216819007,-0.02272522630854812,0.0
59089.9891127039,-0.5133967554612866,0.0
59089.99605721772,-1.4240501920356692,0.0
59090.00300173155,0.28199851075286464,0.0
59090.00994624538,-2.0523447679078073,0.0
59090.01689075914,-2.449729518867427,0.0
59090.023835272914,-1.5941304544249302,0.0
59090.03077978668,-2.7666531136516523,0.0
59090.03772430039,-2.3783748415724855,0.0
59090.044668814095,-0.4592410938027802,0.0
59090.05161332781,-1.21237932162063,0.0
59090.058557841454,0.310686853924526,0.0
59090.06550235511,-0.9620334609624902,0.0
59090.07244686876,-0.5513280387354746,0.0
59090.07939138235,-2.2930848056135273,0.0
59090.08633589595,0.7769299795783144,0.0
59090.093280409536,-1.9289481055555102,0.0
59090.10022492313,0.19679496114300105,0.0
59090.10716943667,-0.14682382096660318,0.0
59090.11411395014,1.7709854791020434,0.0
59090.12105846368,-0.9447981383988073,0.0
59090.12800297715,-2.1640940626052156,0.0
59090.13494749063,-0.2781825080791427,0.0
59090.1418920041,20.250174998599544,0.0
59090.148836517525,-3.06991366786637,0.0
59090.15578103094,-2.2145050278965295,0.0
59090.1627255443,-1.467315035615131,0.0
59090.16967005772,-3.2002825513228434,0.0
59090.17661457108,-0.09597843077218893,0.0
59090.183559084384,-0.8352567726135327,0.0
59090.19050359774,0.09262816923922335,0.0
59090.197448111045,-2.3022361495688606,0.0
59090.20439262435,-1.1136900418941837,0.0
59090.21133713759,-0.9273016492948974,0.0
59090.218281650894,-1.8638888616472653,0.0
59090.225226164075,-0.6616969261548258,0.0
59090.23217067732,-0.9797198680927817,0.0
59090.2391151905,-0.3385486631797089,0.0
59090.24605970369,0.4592771638374744,0.0
59090.25300421688,-0.7630018584375382,0.0
59090.25994873,-2.09785614939877,0.0
59090.26689324319,-0.6604504300622998,0.0
59090.27383775626,-0.07920489878606984,0.0
59090.28078226939,-2.288203861187589,0.0
59090.28772678245,-0.9301857783564322,0.0
59090.29467129552,-0.1394922174168568,0.0
59090.30161580859,-2.7614864531605887,0.0
59090.3085603216,-0.03992551055844551,0.0
59090.315504834616,-2.255533358036583,0.0
59090.32244934762,-2.0248669406514797,0.0
59090.32939386058,-0.7753145906057477,0.0
59090.336338373585,-2.2077728741197133,0.0
59090.34328288648,-0.6665204193699823,0.0
59090.35022739943,0.37684108734944166,0.0
59090.35717191233,-0.49482910543832137,0.0
59090.36411642522,-2.898861594077066,0.0
59090.371060938116,-1.3950807486023626,0.0
59090.37800545101,-0.6348443883569479,0.0
59090.384949963845,-2.615682134165444,0.0
59090.391894476685,-0.10493121658192739,0.0
59090.39883898946,-2.2472109415231967,0.0
59090.4057835023,0.6161213174724236,0.0
59090.41272801508,1.2019415285260449,0.0
59090.41967252785,-2.295289148036041,0.0
59090.426617040575,-1.3825766842495815,0.0
59090.43356155329,-1.7178971067501547,0.0
59090.440506066014,-0.26054011801429755,0.0
59090.44745057874,1.4489096803547885,0.0
59090.454395091394,0.4112148020929831,0.0
59090.46133960406,-3.051183140241191,0.0
59090.468284116716,-1.6416126814571221,0.0
59090.47522862938,-0.6984678752622075,0.0
59090.48217314198,-1.0882256308732172,0.0
59090.489117654586,3.8659457121581093,0.0
59090.496062167185,-1.239173485374625,0.0
59090.50300667973,1.2977069099330383,0.0
59090.50995119234,-1.3195022508241894,0.0
59090.51689570488,-1.2622936170719505,0.0
59090.52384021737,-0.9366231714744978,0.0
59090.53078472991,1.036919071727566,0.0
59090.5377292424,-3.30765842802498,0.0
59090.544673754885,0.12614682698000856,0.0
59090.55161826732,-0.07145121909357666,0.0
59090.55856277975,-1.1078071999440882,0.0
59090.56550729217,-0.3301148305008882,0.0
59090.572451804604,-1.0522559846344817,0.0
59090.57939631703,-2.020466447779197,0.0
59090.5863408294,0.3043401104404795,0.0
59090.593285341776,-0.016558711875602983,0.0
59090.60022985414,-1.2864250766176866,0.0
59090.60717436646,-1.8906337027375082,0.0
59090.614118878766,-1.4271001564040517,0.0
59090.62106339108,-0.20376770464195315,0.0
59090.62800790339,-0.4641508667932286,0.0
59090.63495241565,-0.584450579845467,0.0
59090.64189692796,-0.04495599393129912,0.0
59090.648841440154,-1.7791051084507465,0.0
59090.65578595241,-1.2041672359390738,0.0
59090.6627304646,-1.610116453063061,0.0
59090.66967497686,-0.4969277843851734,0.0
59090.67661948899,-2.357473507206831,0.0
59090.68356400119,-0.02022080775817281,0.0
59090.69050851333,-0.10744051495760198,0.0
59090.697453025525,-1.6732055864796453,0.0
59090.70439753761,-1.596726766985755,0.0
59090.71134204974,-1.6434761149896284,0.0
59090.71828656182,-1.7473072522907278,0.0
59090.7252310739,0.5578778155903105,0.0
59090.73217558598,-1.222435687989888,0.0
59090.73912009806,-1.072225827337076,0.0
59090.74606461008,0.9084399367696232,0.0
59090.7530091221,-2.0817619407194847,0.0
59090.75995363412,-1.882255790784092,0.0
59090.76689814615,-0.13908255462684216,0.0
59090.773842658105,-1.5543407890968959,0.0
59090.78078717007,-1.6028177918191402,0.0
59090.78773168204,-1.463664497396567,0.0
59090.79467619394,-2.4857549239303625,0.0
59090.801620705904,-0.5458831356115403,0.0
59090.808565217805,-1.470686201632401,0.0
59090.81550972971,0.09401613618604421,0.0
59090.822454241556,-0.29249401900181926,0.0
59090.82939875346,-0.6900360543387325,0.0
59090.83634326531,0.21011492031517154,0.0
59090.843287777156,-0.9326672689625467,0.0
59090.85023228895,-1.1979353556932024,0.0
59090.85717680079,-1.5882506123050428,0.0
59090.86412131258,-1.6917870207336256,0.0
59090.871065824365,-0.15041403104331574,0.0
59090.8780103361,-1.1957005150576934,0.0
59090.88495484789,-1.2293674328013418,0.0
59090.891899359616,-2.3700231158134732,0.0
59090.89884387135,-2.2181765487010416,0.0
59090.905788383076,0.09627230106759521,0.0
59090.91273289475,-1.2924449300634626,0.0
59090.91967740642,-2.4838153162372816,0.0
59090.92662191809,-1.571397959289429,0.0
59090.93356642976,-0.22646027738719066,0.0
59090.94051094144,-0.11853724131861365,0.0
59090.94745545305,-2.310338641252904,0.0
59090.95439996466,-0.665515344833892,0.0
59090.96134447628,0.02480947446649273,0.0
59090.96828898783,0.05544736286894891,0.0
59090.97523349945,-1.0899321576950096,0.0
59090.98217801101,-2.14018264288563,0.0
59090.98912252256,-2.1807170274667804,0.0
59090.99606703406,-0.1254580514998057,0.0
59091.00301154561,-0.6298203905829766,0.0
59091.00995605711,-1.975961602567224,0.0
59091.016900568604,-0.8174443963950948,0.0
59091.023845080104,-0.9747787624142363,0.0
59091.03078959155,-2.3773710582719856,0.0
59091.03773410304,-1.0203524066544571,0.0
59091.04467861448,0.47960416948059237,0.0
59091.05162312586,-1.8209158163093606,0.0
59091.0585676373,-0.5069381479334891,0.0
59091.06551214868,-1.7725911080865404,0.0
59091.07245666012,-2.26079672501601,0.0
59091.079401171446,-1.151600501275607,0.0
59091.08634568282,-0.9130327233062585,0.0
59091.09329019421,-1.5470052622412074,0.0
59091.100234705526,-0.5566049042561505,0.0
59091.10717921685,-1.1999787042520755,0.0
59091.11412372817,-0.3531010941659696,0.0
59091.12106823944,-1.584798426763761,0.0
59091.128012750705,-1.6270518122263962,0.0
59091.134957262024,-2.0521044189016733,0.0
59091.14190177323,-1.4544046325957705,0.0
59091.14884628449,-2.1887927029315266,0.0
59091.15579079576,1.0753710746083462,0.0
59091.16273530696,-0.433191464767432,0.0
59091.16967981817,-0.47952526321104716,0.0
59091.17662432938,-2.1766839555767366,0.0
59091.183568840526,-1.021707719502403,0.0
59091.190513351736,-2.4546695932056575,0.0
59091.19745786288,-1.9294035663249787,0.0
59091.20440237403,-2.546337490854806,0.0
59091.21134688512,-2.5088889703287944,0.0
59091.21829139627,-2.1047322522939225,0.0
59091.22523590736,-1.3086645402180404,0.0
59091.23218041845,-1.3133483620463773,0.0
59091.23912492954,-2.1848256902085446,0.0
59091.246069440625,-2.413430410307719,0.0
59091.25301395166,-1.3833458910859227,0.0
59091.25995846269,-1.480263109278463,0.0
59091.26690297372,-1.7990135497377093,0.0
59091.27384748476,-2.3829730441040535,0.0
59091.28079199573,-0.948348142183896,0.0
59091.28773650676,-0.6442311262249665,0.0
59091.29468101773,0.2751378876775581,0.0
59091.30162552871,-0.8587768888228606,0.0
59091.30857003962,-0.23849374037719162,0.0
59091.315514550595,-0.09903808072322273,0.0
59091.322459061514,-2.4265958953209847,0.0
59091.329403572425,-1.6990407406278734,0.0
59091.33634808334,-1.8115531643005798,0.0
59091.343292594254,-1.892025087252481,0.0
59091.350237105115,-1.1970738660118396,0.0
59091.357181615975,-2.6922877643570375,0.0
59091.36412612683,-1.1208990336165479,0.0
59091.37107063769,-1.553060229621071,0.0
59091.37801514854,-1.085534479804422,0.0
59091.38495965934,0.9584116296188303,0.0
59091.39190417014,-2.149364838057508,0.0
59091.39884868094,-2.1278006875458835,0.0
59091.40579319174,-1.9985467309213072,0.0
59091.412737702536,-1.4640668026810328,0.0
59091.41968221328,-1.6932715865337074,0.0
59091.42662672402,-1.2136668481555208,0.0
59091.43357123476,-2.729015785506511,0.0
59091.4405157455,0.17066058029621334,0.0
59091.44746025624,-2.310280466775633,0.0
59091.45440476692,-2.0801206772179643,0.0
59091.461349277604,-0.9770947606561549,0.0
59091.46829378829,-1.8196932336025604,0.0
59091.47523829897,-1.2839179026956322,0.0
59091.482182809596,-1.7436290182229839,0.0
59091.48912732028,-1.5304831096694045,0.0
59091.4960718309,-3.1175565533586798,0.0
59091.50301634153,-1.0522229491261599,0.0
59091.50996085209,-0.10916018268504102,0.0
59091.51690536272,-3.1896087357784246,0.0
59091.52384987328,-2.060410161062413,0.0
59091.53079438385,-0.4367429422976312,0.0
59091.53773889441,-2.9316891850950104,0.0
59091.54468340498,0.6219634383447827,0.0
59091.55162791549,-0.36213472234993915,0.0
59091.55857242605,-2.5775260011191117,0.0
59091.565516936564,-1.0689422321995103,0.0
59091.57246144707,-2.321532473880203,0.0
59091.57940595758,-0.47815505871836916,0.0
59091.586350468024,-2.292913256626936,0.0
59091.59329497848,-1.8179934802368416,0.0
59091.60023948899,-1.2944198457976717,0.0
59091.60718399943,-1.0335946756300336,0.0
59091.61412850983,-1.5047013498428232,0.0
59091.62107302027,0.11459405097780784,0.0
59091.62801753067,-0.9875596721794488,0.0
59091.63496204106,-0.12699509473284398,0.0
59091.64190655145,-2.1382759891985006,0.0
59091.648851061844,-1.0846310449314915,0.0
59091.65579557223,-2.449413853278948,0.0
59091.66274008257,-2.1409070312750904,0.0
59091.6696845929,-2.207503222708991,0.0
59091.67662910323,0.3556905898609364,0.0
59091.68357361357,-1.187619343105028,0.0
59091.6905181239,-2.0877923944738237,0.0
59091.697462634176,-1.1649668034241678,0.0
59091.71135165478,0.060836958535980035,0.0
59091.71829616506,0.9048851888337788,0.0
59091.725240675274,-0.8512724933522031,0.0
59091.73218518555,-2.0936402679980413,0.0
59091.739129695765,-1.650558657699767,0.0
59091.746074205985,-3.9649662676489226,0.0
59091.7530187162,-1.6878138998165702,0.0
59091.75996322642,0.007320521392441659,0.0
59091.76690773657,-1.30149112076176,0.0
59091.77385224679,-1.477416837255527,0.0
59091.78079675695,-2.208425886700706,0.0
59091.78774126711,-1.2666873795168048,0.0
59091.79468577727,-2.174848065807107,0.0
59091.801630287366,-1.6673170816099347,0.0
59091.80857479753,-2.3773170830628234,0.0
59091.81551930763,-2.558310653756106,0.0
59091.82246381773,-0.19982752482512467,0.0
59091.82940832783,-2.0941906099270784,0.0
59091.83635283787,-1.2319341834507325,0.0
59091.84329734797,-1.4281453865718399,0.0
59091.85024185801,-2.3998652231329847,0.0
59091.857186368055,-2.009855511626994,0.0
59091.8641308781,-3.6083697851814254,0.0
59091.87107538814,-1.1501924583770637,0.0
59091.878019898184,-0.7941084848642044,0.0
59091.884964408164,-2.028396675175356,0.0
59091.89190891815,-1.7900634198272072,0.0
59091.89885342813,-0.8096307912934047,0.0
59091.90579793812,-0.9828208935346376,0.0
59091.912742448105,-0.7867369297319586,0.0
59091.91968695803,-1.25993386146988,0.0
59091.92663146801,-3.7148961924667603,0.0
59091.933575977935,-0.8040600715244322,0.0
59091.940520487864,-0.7559326993521025,0.0
59091.947464997735,-1.5582950030780511,0.0
59091.954409507656,-0.1300170771772191,0.0
59091.96135401753,-1.2686750423083861,0.0
59091.96829852745,-2.495515798641446,0.0
59091.97524303732,-0.10776769190476232,0.0
59091.982187547124,-2.026268806748877,0.0
59091.989132056995,-1.407705789201229,0.0
59091.996076566866,-1.473397284368378,0.0
59092.00302107667,-1.1590327612453666,0.0
59092.00996558648,-1.4612115108796695,0.0
59092.01691009629,-0.4390146277616529,0.0
59092.0238546061,-1.0149406041855293,0.0
59092.03079911585,-1.1691848031901821,0.0
59092.03774362566,-2.593373427867181,0.0
59092.044688135415,-1.8998875185954873,0.0
59092.05163264516,-1.5177551783953582,0.0
59092.058577154916,-0.7954362328693685,0.0
59092.06552166466,-2.398591124889103,0.0
59092.07246617436,-0.9281770157459439,0.0
59092.079410684106,-1.9936877651114542,0.0
59092.0863551938,-1.4765501888897916,0.0
59092.0932997035,-2.089136774612937,0.0
59092.10024421319,-1.9923200814382627,0.0
59092.10718872288,-1.4414101840989428,0.0
59092.11413323251,1.5928818965142486,0.0
59092.12107774215,-1.1270708452788474,0.0
59092.12802225185,-1.5480292447370492,0.0
59092.13496676148,-1.5894435337600998,0.0
59092.14191127106,-3.5871153548089842,0.0
59092.14885578069,-0.2796676883404843,0.0
59092.15580029027,-1.5744945632766152,0.0
59092.162744799905,-1.507668145920283,0.0
59092.16968930948,-1.648721388381264,0.0
59092.17663381906,-1.3037141345492627,0.0
59092.18357832863,0.46120432307459946,0.0
59092.19052283815,0.1064822993058423,0.0
59092.19746734772,-1.1845936602243479,0.0
59092.204411857245,-2.8119134445888916,0.0
59092.211356366766,-2.2520746882170184,0.0
59092.21830087628,0.16608893609161868,0.0
59092.2252453858,-0.8963296686014246,0.0
59092.23218989526,-1.5085635813638203,0.0
59092.23913440478,-2.03311101857886,0.0
59092.246078914235,-2.462557764506512,0.0
59092.2530234237,-2.6381138473763555,0.0
59092.25996793316,-0.9867182382218727,0.0
59092.26691244256,-0.6613235932313248,0.0
59092.27385695202,-0.9772466973876772,0.0
59092.28080146142,-2.0775452749804115,0.0
59092.28774597088,-1.3989600593124423,0.0
59092.29469048028,-1.6432686790568312,0.0
59092.301634989686,-0.402448169504084,0.0
59092.30857949903,-0.22322517831709665,0.0
59092.31552400843,-1.9025059720223803,0.0
59092.32246851778,-0.9372898510753229,0.0
59092.32941302712,-2.0106961086096398,0.0
59092.33635753652,-1.9794187854104064,0.0
59092.3433020458,-1.1614821099670882,0.0
59092.35024655515,-1.8680065488758033,0.0
59092.3571910645,-0.5686048427304333,0.0
59092.36413557378,-0.37214215599526557,0.0
59092.37108008307,-1.1157691087515018,0.0
59092.37802459235,-3.0556512884087814,0.0
59092.38496910164,-1.6262810623113195,0.0
59092.39191361092,0.04325982693561392,0.0
59092.39885812015,-0.3934123630409696,0.0
59092.40580262944,-0.34259953335652904,0.0
59092.41274713866,-2.344702673935128,0.0
59092.41969164789,-0.014892226826063393,0.0
59092.42663615712,-1.338416410789339,0.0
59092.433580666344,-0.690267889113525,0.0
59092.440525175516,-1.6573661694968829,0.0
59092.44746968474,-2.7805605626736543,0.0
59092.45441419391,-0.3532387608398935,0.0
59092.461358703076,-1.2661270619456146,0.0
59092.46830321225,-3.631682348537596,0.0
59092.47524772141,-1.1782418037729463,0.0
59092.48219223053,-0.7761203467631055,0.0
59092.4891367397,-2.104924433651592,0.0
59092.496081248806,-2.386086475903293,0.0
59092.50302575792,-2.593492315444112,0.0
59092.50997026703,-2.4577460083923834,0.0
59092.51691477614,-1.8327010890730193,0.0
59092.5238592852,-3.371397199416636,0.0
59092.5308037943,-2.1810334147312154,0.0
59092.53774830336,-1.8154931265142205,0.0
59092.544692812466,-3.147200992765865,0.0
59092.55163732152,-1.363313486540532,0.0
59092.55858183057,-1.3473213317963846,0.0
59092.56552633957,-1.3409216942513509,0.0
59092.57247084862,0.8532426124955217,0.0
59092.57941535761,-1.162631142052534,0.0
59092.58635986661,-0.2628267091259262,0.0
59092.5933043756,-2.204751802173758,0.0
59092.6002488846,-1.8037270630748317,0.0
59092.60719339359,-0.32874626948649466,0.0
59092.61413790253,-3.440859205223444,0.0
59092.621082411526,-3.6115464018412924,0.0
59092.62802692046,-1.0925626735347298,0.0
59092.6349714294,-2.680838518903601,0.0
59092.64191593833,-3.4915604553630493,0.0
59092.64886044727,-3.1206937587436636,0.0
59092.65580495615,-1.4548475386151027,0.0
59092.66274946508,-0.4449641073749129,0.0
59092.66969397396,-3.370244321211396,0.0
59092.67663848284,-1.9332048453556485,0.0
59092.68358299172,-3.835685213453005,0.0
59092.6905275006,-1.7849734075725174,0.0
59092.69747200947,-2.6749783704396743,0.0
59092.704416518296,-2.481197959549522,0.0
59092.71136102711,-0.9254065936662332,0.0
59092.718305535935,-0.9326473843857315,0.0
59092.72525004481,-1.8824306821630383,0.0
59092.73219455357,-3.5233736284397286,0.0
59092.739139062396,-0.5832772724463684,0.0
59092.74608357121,-2.9051683678896767,0.0
59092.75302807998,-2.293630515427288,0.0
59092.759972588734,-1.6393754957271773,0.0
59092.7669170975,-1.131812198829897,0.0
59092.773861606256,-0.8463873001143267,0.0
59092.78080611502,-1.8896534694400589,0.0
59092.787750623786,-2.693205104827655,0.0
59092.794695132485,-0.4020948056346425,0.0
59092.80163964119,-1.9783384048042092,0.0
59092.80858414989,-2.3988620226659543,0.0
59092.8155286586,-1.0749509290344732,0.0
59092.8224731673,-1.644334817042259,0.0
59092.829417676,-0.6721185150763298,0.0
59092.83636218471,-0.30497752574912074,0.0
59092.84330669335,-1.54664139575068,0.0
59092.850251202,-1.724041445215882,0.0
59092.85719571064,-2.984444455066227,0.0
59092.86414021929,-1.1516396131368336,0.0
59092.871084727936,-0.9358337017618981,0.0
59092.87802923652,-0.28128610026403633,0.0
59092.88497374517,-2.568673640625585,0.0
59092.89191825375,-3.281479348691477,0.0
59092.89886276234,-1.7082306139885062,0.0
59092.90580727093,-0.7074710573909511,0.0
59092.91275177951,-2.79166537613736,0.0
59092.9196962881,-0.5327039778147431,0.0
59092.92664079663,-2.1890781242694897,0.0
59092.93358530522,-0.49581905545310834,0.0
59092.94052981374,-0.4852851889019063,0.0
59092.947474322275,-1.3648733858048159,0.0
59092.95441883081,-0.8800799919296347,0.0
59092.96136333933,-0.6227862944153992,0.0
59092.96830784786,-0.8969982919773387,0.0
59092.97525235633,-1.4308269044647717,0.0
59092.9821968648,-1.483017089209533,0.0
59092.98914137333,-1.309348727748267,0.0
59092.9960858818,-2.9361103638399833,0.0
59093.00303039022,-0.7605044511902874,0.0
59093.00997489868,-1.4255988940068502,0.0
59093.01691940716,-2.435732009063587,0.0
59093.023863915565,-0.35613574509903856,0.0
59093.03080842398,-2.766322600301514,0.0
59093.03775293245,-1.7635453137312458,0.0
59093.044697440804,-1.7711118696019041,0.0
59093.05164194922,-1.4526318678728205,0.0
59093.05858645763,0.3453125659915961,0.0
59093.06553096604,-1.3725753720991287,0.0
59093.07247547439,-1.6171307387328429,0.0
59093.07941998275,-3.254402810612642,0.0
59093.08636449111,-0.17059341929086758,0.0
59093.09330899946,-1.5783478287655477,0.0
59093.100253507815,-2.5393586635090033,0.0
59093.107198016165,-1.6587262474961806,0.0
59093.114142524464,-2.014740419454501,0.0
59093.12108703276,-2.0696169203539028,0.0
59093.12803154111,-1.5809097624206765,0.0
59093.13497604941,-2.795670312893134,0.0
59093.141920557646,-4.1917625958589175,0.0
59093.148865065945,-3.059997654453418,0.0
59093.15580957424,-2.6477249142095416,0.0
59093.16275408248,-2.2738041242602813,0.0
59093.16969859072,-0.7682668622768829,0.0
59093.17664309901,-2.5043096674706993,0.0
59093.18358760725,-2.3068921003768432,0.0
59093.190532115426,-1.958263425039653,0.0
59093.19747662367,-2.26672676231433,0.0
59093.20442113191,-1.1360559171203124,0.0
59093.21136564008,-1.232190928527483,0.0
59093.218310148266,-1.3598290186530027,0.0
59093.2252546565,-2.0066017815116375,0.0
59093.232199164624,-1.5265748910178898,0.0
59093.2391436728,-2.474398466611077,0.0
59093.24608818098,-1.8188994519267867,0.0
59093.253032689165,-1.5619303425628903,0.0
59093.25997719728,-2.995894595234876,0.0
59093.266921705406,-3.6954028695450245,0.0
59093.27386621352,-1.0546982206058293,0.0
59093.28081072165,-2.474318050410251,0.0
59093.28775522977,-0.8717182013736844,0.0
59093.29469973789,-3.028734809742916,0.0
59093.301644245956,-3.0508283552157667,0.0
59093.308588754015,-1.9228306508961168,0.0
59093.31553326214,-1.6911795357021693,0.0
59093.3224777702,-0.6437869846560544,0.0
59093.329422278264,-2.701036695218285,0.0
59093.33636678627,-0.7770531770158762,0.0
59093.34331129433,-2.9967854935495035,0.0
59093.3502558024,-3.6210386116786086,0.0
59093.357200310405,-1.3117735981372611,0.0
59093.364144818406,0.01773707243155176,0.0
59093.371089326414,-2.4869244278296416,0.0
59093.378033834415,-0.8952632033073766,0.0
59093.38497834242,-0.15785893274663332,0.0
59093.391922850366,-0.49305679056336116,0.0
59093.39886735837,-2.28916605828615,0.0
59093.40581186632,-2.1206527090922203,0.0
59093.412756374266,-0.7808720512398599,0.0
59093.419700882216,-1.8658503283168244,0.0
59093.42664539016,-3.295504258074762,0.0
59093.43358989811,-1.2282989131571616,0.0
59093.44053440605,-1.209503904159818,0.0
59093.44747891394,-1.52822974272258,0.0
59093.454423421834,-0.3636936134778881,0.0
59093.461367929776,-0.9089711580332889,0.0
59093.46831243767,-1.6232648723582752,0.0
59093.475256945494,-1.5670435723945562,0.0
59093.482201453386,-3.2305496832893503,0.0
59093.48914596127,-1.352594858160992,0.0
59093.4960904691,-1.5275306851422634,0.0
59093.503034976995,-1.8510765547388806,0.0
59093.50997948482,-2.2268886628028466,0.0
59093.516923992654,-1.27708159339906,0.0
59093.52386850048,-2.9776914424510985,0.0
59093.530813008256,-2.7909615108419077,0.0
59093.53775751609,-1.336741601557383,0.0
59093.54470202386,-1.5768876603914572,0.0
59093.55164653169,-1.3903078580515165,0.0
59093.55859103946,-0.6890701933067449,0.0
59093.56553554723,-1.9697665494036585,0.0
59093.57248005501,-1.5753155253887074,0.0
59093.57942456272,-3.639072181865895,0.0
59093.586369070494,-2.5753101129450604,0.0
59093.5933135782,0.08321829273264081,0.0
59093.60025808598,-1.9371035173981652,0.0
59093.60720259369,-3.4838387615611053,0.0
59093.614147101405,-3.0118724622864987,0.0
59093.62109160912,-2.7723394716824923,0.0
59093.62803611683,-1.64058130904608,0.0
59093.63498062449,-2.6540400225429197,0.0
59093.6419251322,-0.07979094610556858,0.0
59093.64886963986,-1.4159548206747887,0.0
59093.65581414751,-0.40394548080801185,0.0
59093.66275865517,-0.23522274764431828,0.0
59093.66970316283,-0.3182644090764528,0.0
59093.67664767048,-0.8591243123388321,0.0
59093.68359217808,-0.7654049407410852,0.0
59093.69053668573,-1.3342837368324152,0.0
59093.69748119333,-0.6037594947632381,0.0
59093.70442570093,-2.044181838123925,0.0
59093.711370208526,-1.7159058091174133,0.0
59093.71831471613,-1.827602663503468,0.0
59093.72525922372,-3.6516797166479202,0.0
59093.73220373126,-1.1865478622686556,0.0
59093.73914823886,-2.9097682678582393,0.0
59093.7460927464,-1.5829637084827888,0.0
59093.75303725394,-2.0618217021951812,0.0
59093.759981761476,-1.6473416970710582,0.0
59093.76692626902,-2.1568364867804086,0.0
59093.77387077655,-0.8244696058589231,0.0
59093.780815284095,-1.685264596664731,0.0
59093.78775979158,-0.6503007511809971,0.0
59093.794704299115,0.3481764380536321,0.0
59093.8016488066,-0.40359127082927415,0.0
59093.80859331408,-1.0798747365873007,0.0
59093.81553782156,-1.7437815011131046,0.0
59093.822482328986,-2.0764547103985533,0.0
59093.82942683646,-1.8015207552461563,0.0
59093.83637134395,-1.066864031298353,0.0
59093.843315851365,-0.8829584137587498,0.0
59093.85026035879,-1.6096885477034406,0.0
59093.85720486622,-2.190783510718224,0.0
59093.864149373636,-1.6615321555524512,0.0
59093.87109388106,-1.8370418731837468,0.0
59093.87803838848,-2.2010934696809477,0.0
59093.88498289585,-2.424088708188971,0.0
59093.89192740321,-1.6274206202129173,0.0
59093.898871910635,-2.2922272280249087,0.0
59093.905816418,-1.1121602587756048,0.0
59093.91276092536,-3.2173186356344377,0.0
59093.91970543267,-4.006425053642696,0.0
59093.92664994003,-1.768928197935217,0.0
59093.9335944474,-2.5098704002190844,0.0
59093.9405389547,-0.4174522514297059,0.0
59093.94748346201,-1.2559075671557252,0.0
59093.95442796932,-2.6868977232739826,0.0
59093.961372476624,-2.3282351434766975,0.0
59093.96831698393,-1.7302347990336093,0.0
59093.97526149124,-3.2158605841560677,0.0
59093.98220599849,-1.0093549763817045,0.0
59093.9891505058,-1.9205061085387425,0.0
59093.99609501304,-2.425518118634434,0.0
59094.00303952029,-0.5627259524082975,0.0
59094.009984027536,-1.732884896054958,0.0
59094.01692853479,-2.238692236568198,0.0
59094.02387304197,-2.102805575859185,0.0
59094.030817549225,-3.007427088912085,0.0
59094.03776205642,-0.08310347683490749,0.0
59094.04470656366,-2.371599741593107,0.0
59094.051651070855,-4.052681508081754,0.0
59094.05859557804,-1.7833862306728476,0.0
59094.065540085234,-2.0842007357632735,0.0
59094.07248459237,-1.1898147957908232,0.0
59094.079429099555,-2.039162341935105,0.0
59094.08637360669,-2.632541901304124,0.0
59094.093318113875,-2.4418911209926444,0.0
59094.10026262101,-0.09926906329540763,0.0
59094.107207128145,-2.9838963042356386,0.0
59094.11415163527,-2.1389536377842577,0.0
59094.12109614235,-1.5219984324136724,0.0
59094.12804064948,-2.810699152902726,0.0
59094.13498515661,-1.5763121056287517,0.0
59094.14192966369,-2.302083458561775,0.0
59094.14887417076,-3.462034581600157,0.0
59094.155818677835,-1.406936640163222,0.0
59094.162763184904,-1.3486470268305406,0.0
59094.16970769198,-2.81981006108098,0.0
59094.17665219899,-2.17283289228842,0.0
59094.18359670607,-2.188531397669262,0.0
59094.19054121309,-1.1903733039865094,0.0
59094.1974857201,-1.7254050423895984,0.0
59094.20443022712,-2.223834539157429,0.0
59094.21137473413,-2.0502747478913417,0.0
59094.21831924115,-3.9279059147492794,0.0
59094.225263748165,-0.7858048259827148,0.0
59094.23220825512,-1.1476208990914247,0.0
59094.23915276214,-2.701807156610268,0.0
59094.24609726909,-1.9657452660264219,0.0
59094.25304177605,-2.6129013128114744,0.0
59094.25998628301,-2.0657773293670663,0.0
59094.26693078996,-1.375940619770279,0.0
59094.273875296865,-3.2040580384161252,0.0
59094.28081980382,-0.717607246064027,0.0
59094.28776433278,-1.960613158193555,0.0
59094.294708839676,-1.8359437496945383,0.0
59094.30165334658,-1.476009885997975,0.0
59094.30859785348,-3.620800210343278,0.0
59094.315542360375,-2.457361387500819,0.0
59094.32248686722,-2.864924620492199,0.0
59094.32943137412,-3.5223762574869557,0.0
59094.33637588096,-1.8998032862153633,0.0
59094.34332038786,-1.407313026340046,0.0
59094.350264894696,-1.0460294747565384,0.0
59094.35720940154,-1.3084978696485994,0.0
59094.36415390838,-1.004053919430715,0.0
59094.37109841516,-2.7973147922738146,0.0
59094.378042922006,-5.367247860895817,0.0
59094.41276545597,-0.3012073656479113,0.0
59094.4197099627,0.21002261966406222,0.0
59094.426654469484,-1.760991697773707,0.0
59094.433598976204,0.7881207622439201,0.0
59094.44054348299,-0.0014059334072622498,0.0
59094.44748798971,-0.48712263509972553,0.0
59094.45443249644,-1.9537876140070893,0.0
59094.461377003165,-0.8072676510224697,0.0
59094.46832150983,-1.0700161285097622,0.0
59094.475266016554,-0.3984500526568149,0.0
59094.482210523274,0.4010204715030592,0.0
59094.48915502994,0.7777979217714623,0.0
59094.49609953661,-2.0991942128244214,0.0
59094.503044043275,-0.986404967325142,0.0
59094.509988549944,-1.525761622776781,0.0
59094.516933056606,0.29982740548561715,0.0
59094.52387756322,-0.5719749841121606,0.0
59094.53082206988,-0.8692451146357838,0.0
59094.53776657649,-2.0174969337161275,0.0
59094.5447110831,-3.0699308375670347,0.0
59094.55165558976,-1.0907195863024808,0.0
59094.558600096316,-0.32872641033296457,0.0
59094.56554460293,-0.04255855867483227,0.0
59094.57248910953,-1.679353576417558,0.0
59094.57943361608,-1.8552425578966076,0.0
59094.58637812269,-0.752823080541499,0.0
59094.59332262924,-1.2754932436709057,0.0
59094.600267135786,-1.2178940906545566,0.0
59094.60721164234,-0.837071046978632,0.0
59094.61415614889,-1.0433192431191816,0.0
59094.62110065538,-0.17758932067671962,0.0
59094.62804516193,-1.5069987335888255,0.0
59094.63498966842,1.6179819337559045,0.0
59094.64193417497,-1.507664437458173,0.0
59094.64887868146,-1.507861311789335,0.0
59094.65582318795,0.5048446118390348,0.0
59094.66276769439,-1.411759493646982,0.0
59094.66971220088,-1.5835605968037378,0.0
59094.67665670737,-2.052863743133411,0.0
59094.68360121381,-0.8449188093923374,0.0
59094.69054572024,-0.2523951092700685,0.0
59094.69749022667,-0.22923880988696288,0.0
59094.7044347331,-3.441044020165546,0.0
59094.71137923954,-2.256254748549328,0.0
59094.71832374597,-1.5896353014271942,0.0
59094.72526825235,0.17797076637248077,0.0
59094.73221275878,-1.4811867482849088,0.0
59094.739157265154,-0.6934871097556901,0.0
59094.74610177153,-1.343594836891791,0.0
59094.7530462779,0.7640566386970673,0.0
59094.75999078428,-1.558258427978331,0.0
59094.76693529066,-0.46698325701592047,0.0
59094.77387979697,1.349115776156228,0.0
59094.78082430335,-2.025712643437446,0.0
59094.78776880966,-1.3896266319894717,0.0
59094.79471331598,-3.592133564620295,0.0
59094.801657822296,-1.6272734989670945,0.0
59094.808602328616,-0.9925383376431136,0.0
59094.815546834936,0.2149337408045935,0.0
59094.82249134119,-1.4288545231912781,0.0
59094.82943584751,-1.5519667987323134,0.0
59094.836380353765,-0.5879290876606507,0.0
59094.84332486003,-0.6041482183001334,0.0
59094.85026936629,-1.9757649554894265,0.0
59094.85721387254,-1.249604957132461,0.0
59094.864158378805,-2.0091843940195955,0.0
59094.871102885,-0.6741026941068564,0.0
59094.87804739126,0.23319245915787246,0.0
59094.88499189746,-2.5265049746795767,0.0
59094.89193640366,0.1309305647179948,0.0
59094.89888090987,-1.5856756879753613,0.0
59094.90582541606,0.2727068986404384,0.0
59094.912769922266,-1.2307160360497225,0.0
59094.91971442841,-0.6527560892837445,0.0
59094.92665893461,-2.2370977017193354,0.0
59094.93360344075,0.0485555554334991,0.0
59094.94054794689,0.73961113444193,0.0
59094.94749245304,-0.8219376755602936,0.0
59094.954436959175,-0.4243894443326903,0.0
59094.96138146532,-1.2319345101516563,0.0
59094.96832597141,-1.490479673676087,0.0
59094.975270477546,-0.536534295927146,0.0
59094.98221498363,0.12781449133714862,0.0
59094.98915948971,-0.8863408811175537,0.0
59094.9961039958,-0.0911921476774955,0.0
59095.00304850188,-0.25302120706759323,0.0
59095.00999300797,-3.4516347512670653,0.0
59095.016937513996,-1.7691617345287796,0.0
59095.023882020076,-1.1077413994407252,0.0
59095.030826526105,-1.6737307709316482,0.0
59095.03777103213,0.12951430864068447,0.0
59095.044715538155,-1.498786352037973,0.0
59095.051660044184,-1.2586289242337583,0.0
59095.058604550206,-1.2122576762411494,0.0
59095.06554905618,-2.2058794193959446,0.0
59095.0724935622,-1.9882286377812566,0.0
59095.07943806817,-1.5893848124369088,0.0
59095.08638257414,-1.6625511264740331,0.0
59095.0933270801,-2.1383114234797924,0.0
59095.100271586074,-1.683634995816821,0.0
59095.10721609199,0.31321088563868615,0.0
59095.11416059795,0.16307200075555528,0.0
59095.12110510386,-1.3904396207172436,0.0
59095.128049609826,-2.2615123826028296,0.0
59095.13499411574,-1.2914798876748037,0.0
59095.141938621644,-0.2943502513960081,0.0
59095.14888312756,0.07508241953707762,0.0
59095.15582763341,-2.382597395490888,0.0
59095.162772139316,-1.9572413084928852,0.0
59095.16971664517,-1.7194320194730728,0.0
59095.17666115102,-1.6957480310221373,0.0
59095.18360565687,-0.8984012768347127,0.0
59095.190550162726,-2.0574712382752085,0.0
59095.19749466857,-0.44832126525065163,0.0
59095.20443917443,-0.4845904525877298,0.0
59095.21138368022,-0.14609096516400744,0.0
59095.21832818607,-0.4519007829313293,0.0
59095.22527269187,-0.196119140290532,0.0
59095.232217197656,-0.9162891332328682,0.0
59095.23916170345,-2.025494341832669,0.0
59095.24610620924,-1.085607732141689,0.0
59095.25305071498,-1.0897730153669287,0.0
59095.259995220775,1.5993710566997992,0.0
59095.266939726505,-1.6346666681343915,0.0
59095.27388423224,-0.8505311563064701,0.0
59095.280828737974,-1.7704213805815572,0.0
59095.28777324371,0.43635482223790234,0.0
59095.29471774944,-0.3098289830340937,0.0
59095.30166225518,-1.0336896869015328,0.0
59095.30860676086,-1.1582238777437253,0.0
59095.31555126653,-1.8039320615279824,0.0
59095.32249577227,-2.2627251913838684,0.0
59095.32944027794,-0.9959872745466329,0.0
59095.33638478362,-0.6211565698906814,0.0
59095.34332928924,-0.20443881173826206,0.0
59095.35027379492,-0.5866742913297172,0.0
59095.35721830054,-0.460967949677066,0.0
59095.36416280621,-3.4962878721936868,0.0
59095.37110731183,-1.424957712766985,0.0
59095.378051817446,-0.9606242142231682,0.0
59095.38499632301,0.5313012428182979,0.0
59095.39194082863,-2.4643265880698006,0.0
59095.398885334245,-2.5492756531421374,0.0
59095.40582983981,0.5131595584801314,0.0
59095.41277434537,-1.7895230167713638,0.0
59095.41971885093,-3.06654303199112,0.0
59095.42666335649,-0.5201538313098233,0.0
59095.43360786205,-0.3799618208271447,0.0
59095.44055236761,0.06901916502489769,0.0
59095.447496873116,-0.9087921118828923,0.0
59095.45444137867,-1.1723216702092323,0.0
59095.46138588418,-0.8702453702184041,0.0
59095.468330389675,-0.28019493866716516,0.0
59095.47527489518,0.3928666816486608,0.0
59095.48221940068,0.6892807228259983,0.0
59095.489163906124,-0.7253474865449725,0.0
59095.49610841163,-0.20626575077255538,0.0
59095.50305291707,-0.5670026193713831,0.0
59095.509997422516,-0.7200005696534628,0.0
59095.516941927955,-1.9187892713437158,0.0
59095.5238864334,0.38176344068147117,0.0
59095.53083093885,-2.5977583212543482,0.0
59095.53777544423,-3.0158637633047363,0.0
59095.54471994962,-1.3429158542318795,0.0
59095.551664455066,-0.4030571625556476,0.0
59095.55860896045,-1.6770742185248366,0.0
59095.565553465836,-0.9483455422034197,0.0
59095.57249797122,-0.46820385674299203,0.0
59095.57944247655,0.1280618750855851,0.0
59095.58638698193,0.9073881239560784,0.0
59095.59333148726,-0.7541204457730046,0.0
59095.60027599259,0.44078718196268696,0.0
59095.607220497914,-0.9538361929676569,0.0
59095.614165003244,1.4756679523319782,0.0
59095.62110950857,0.37047897942890984,0.0
59095.62805401384,0.7860565301097715,0.0
59095.63499851917,-0.8103953747135293,0.0
59095.641943024435,-0.9654906357029454,0.0
59095.64888752971,-0.9772426915542702,0.0
59095.65583203497,-1.0045574919032667,0.0
59095.662776540245,-0.55415364411569,0.0
59095.66972104552,-0.6644755838291836,0.0
59095.67666555072,-0.08491126069687382,0.0
59095.68361005594,0.31267272865531837,0.0
59095.6905545612,-1.6026874002602014,0.0
59095.69749906642,0.9665605360901068,0.0
59095.70444357162,-1.4557919438649485,0.0
59095.71138807678,0.5157969013558095,0.0
59095.71833258199,-0.1266216176370385,0.0
59095.72527708714,-1.1634124093640317,0.0
59095.732221592356,0.32717163113076353,0.0
59095.739166097504,-1.5624461333413286,0.0
59095.74611060266,-1.0977499031500315,0.0
59095.75305510775,-0.009696092853936022,0.0
59095.75999961291,-0.6043692435915666,0.0
59095.76694411806,-1.9429443089343685,0.0
59095.77388862315,-2.320189893916872,0.0
59095.78083312825,-0.4545556159645088,0.0
59095.78777763335,0.7962762824028538,0.0
59095.79472213844,-1.5192905284900888,0.0
59095.801666643536,-0.5092806831695036,0.0
59095.80861114857,-2.548703808612725,0.0
59095.815555653666,2.239617413632679,0.0
59095.822500158705,0.004127029179006314,0.0
59095.82944466374,-1.3761712969311084,0.0
59095.83638916878,-2.4761543472088725,0.0
59095.84333367381,-3.5131491402288333,0.0
59095.85027817879,-2.1298277490988724,0.0
59095.85722268383,-0.7795854004169627,0.0
59095.8641671888,0.2942363880714751,0.0
59095.871111693785,0.4636139271740518,0.0
59095.87805619876,-1.950617195960703,0.0
59095.88500070374,-0.9945027309056229,0.0
59095.89194520872,-1.194428914545881,0.0
59095.89888971364,-0.340980642055861,0.0
59095.90583421862,-0.24028229732689255,0.0
59095.912778723534,-2.542452950971537,0.0
59095.91972322846,-1.863573591308267,0.0
59095.92666773337,0.6491659407677162,0.0
59095.93361223824,-1.1915283508443508,0.0
59095.94055674316,-1.865274233734091,0.0
59095.94750124802,-1.783861715844175,0.0
59095.95444575294,-0.012207959949705582,0.0
59095.9613902578,-0.1749912523881818,0.0
59095.96833476266,-1.9243440341475804,0.0
59095.97527926747,0.19312883528765923,0.0
59095.98222377233,-1.8239500784904763,0.0
59095.989168277134,-0.7023629886574057,0.0
59095.99611278199,-1.378120332533605,0.0
59096.0030572868,-1.7561728516718134,0.0
59096.010001791605,-0.14835814963590366,0.0
59096.016946296404,-2.3308317073649363,0.0
59096.02389080115,-0.4582979055467291,0.0
59096.03083530595,-1.5725254454503599,0.0
59096.0377798107,0.26935479067773827,0.0
59096.04472431545,-2.866941333708951,0.0
59096.05166882019,-0.5550676899996674,0.0
59096.05861332494,0.2693178120436386,0.0
59096.06555782968,-0.46156321678946455,0.0
59096.07250233437,-1.6541170092549393,0.0
59096.07944683906,1.650095993202271,0.0
59096.0863913438,-0.5888505454867712,0.0
59096.09333584849,-0.6390626046324499,0.0
59096.100280353174,-1.6012056531168497,0.0
59096.107224857806,-0.6831419152126443,0.0
59096.114169362496,0.47801471826454645,0.0
59096.12111386712,-1.844827547405302,0.0
59096.12805837175,-0.5843172069393319,0.0
59096.13500287638,-2.2026783527624474,0.0
59096.14194738101,-0.3240888406949267,0.0
59096.14889188564,-1.6702345078575433,0.0
59096.15583639021,1.477904488797094,0.0
59096.16278089484,2.33068074300499,0.0
59096.169725399406,-1.6751824431566291,0.0
59096.17666990398,-0.26169785478521135,0.0
59096.18361440855,0.5462143494781486,0.0
59096.19055891312,2.4366687894513603,0.0
59096.197503417636,0.01658018549831297,0.0
59096.2044479222,-1.2827721829530674,0.0
59096.21139242672,-0.6335101988868672,0.0
59096.218336931226,0.20776783977676416,0.0
59096.22528143574,-1.6688486719416744,0.0
59096.23222594026,1.1065977581345976,0.0
59096.23917044471,-2.1993111976390765,0.0
59096.246114949165,-2.260415477486518,0.0
59096.25305945368,0.8251185504095275,0.0
59096.26000395813,0.8547044190447934,0.0
59096.26694846259,0.5641807565612567,0.0
59096.27389296698,1.1948801027363487,0.0
59096.28083747144,-1.6815033698757702,0.0
59096.28778197583,1.1190190819250034,0.0
59096.294726480286,0.8341781584846757,0.0
59096.301670984685,-0.2532354010614597,0.0
59096.30861548902,-1.1480028861186184,0.0
59096.31555999342,-2.893157674942856,0.0
59096.32250449782,0.07724099238063786,0.0
59096.32944900215,1.6176922952449075,0.0
59096.33639350649,1.8063955415474027,0.0
59096.343338010825,1.3586562131903577,0.0
59096.350282515166,-0.9769421957224864,0.0
59096.3572270195,0.14489750792918699,0.0
59096.36417152378,-0.5710170315280862,0.0
59096.371116028124,1.498770413967648,0.0
59096.3780605324,1.001014308978057,0.0
59096.38500503668,-2.392111218136776,0.0
59096.391949540965,-1.0351257318259997,0.0
59096.39889404518,-1.7896126485887294,0.0
59096.405838549465,-3.1338604690582628,0.0
59096.41278305368,-0.031140866190128236,0.0
59096.419727557906,-0.3730930027826673,0.0
59096.42667206212,3.462540915510118,0.0
59096.43361656635,-0.3086151365616132,0.0
59096.44056107057,-0.40691150364753526,0.0
59096.44750557473,2.2698960255205947,0.0
59096.4544500789,-1.8362037006228462,0.0
59096.461394583115,1.1307174615213,0.0
59096.46833908722,1.083182557797457,0.0
59096.47528359139,0.0756758046846926,0.0
59096.48222809555,1.4917139697062964,0.0
59096.48917259966,0.33611155379242064,0.0
59096.49611710376,1.2318043682576274,0.0
59096.503061607866,-0.4179405947280941,0.0
59096.510006111974,-0.11170344980769187,0.0
59096.516950616075,-2.0397074045533827,0.0
59096.52389512018,0.06543275118025349,0.0
59096.530839624225,1.0846504286238883,0.0
59096.537784128275,3.0576106729606636,0.0
59096.54472863232,-1.5018116902623824,0.0
59096.55167313637,2.314060651209068,0.0
59096.55861764042,0.5653241386532194,0.0
59096.5655621444,1.0710577825991843,0.0
59096.572506648394,-0.39619131206387304,0.0
59096.579451152444,2.727550538151993,0.0
59096.58639565637,2.7866716849942224,0.0
59096.59334016036,-1.725407194314725,0.0
59096.600284664346,0.48211070508339393,0.0
59096.60722916828,0.7989272421516966,0.0
59096.614173672206,-0.056349464124354154,0.0
59096.62111817614,0.17841267308603403,0.0
59096.62806268007,0.9734550262942903,0.0
59096.635007184,-0.6171648817152233,0.0
59096.64195168793,1.3115035973867317,0.0
59096.64889619181,1.762805435949499,0.0
59096.655840695676,-0.2997258809240041,0.0
59096.66278519955,-0.7854493349000617,0.0
59096.66972970342,1.5943740870152716,0.0
59096.676674207236,1.1437248643494389,0.0
59096.68361871111,-0.4891451634807189,0.0
59096.69056321492,0.2888152577015528,0.0
59096.69750771874,1.0182739356170474,0.0
59096.70445222255,0.8761502055390051,0.0
59096.711396726365,0.9315921691297406,0.0
59096.718341230124,-0.5327187602349426,0.0
59096.72528573393,4.210407563334231,0.0
59096.73223023769,-1.1948366414980083,0.0
59096.739174741444,0.274216916586006,0.0
59096.746119245145,0.5782808017725929,0.0
59096.7530637489,2.4688711110968273,0.0
59096.7600082526,-0.22166410836331907,0.0
59096.766952756356,0.3420813970772636,0.0
59096.77389726005,1.6734797034587445,0.0
59096.78084176375,0.18218267023264856,0.0
59096.78778626739,3.9340844499645407,0.0
59096.794730771086,1.423106954912553,0.0
59096.80167527473,0.9514967766851883,0.0
59096.80861977836,0.006646268481405038,0.0
59096.815564282006,-0.4038493129577958,0.0
59096.82250878565,0.8281492962728685,0.0
59096.829453289225,1.044407499471964,0.0
59096.83639779287,0.7095337781401455,0.0
59096.843342296444,0.1959062591251578,0.0
59096.85028680003,-2.4652408605638083,0.0
59096.85723130361,-0.0006788637211344595,0.0
59096.86417580713,-0.08146223290526067,0.0
59096.871120310716,-0.2928112267369224,0.0
59096.878064814235,-0.5061036926236814,0.0
59096.88500931776,-2.1657811355399517,0.0
59096.89195382128,-1.2550993142368336,0.0
59096.898898324805,-0.27406993833938254,0.0
59096.90584282827,0.8055126522681416,0.0
59096.912787331734,-0.11162446429240624,0.0
59096.9197318352,1.896214809710747,0.0
59096.92667633866,-0.0011246840685734671,0.0
59096.93362084213,-0.4045002000703557,0.0
59096.9405653456,-0.8922718744960081,0.0
59096.947509849,1.2607483872649121,0.0
59096.95445435241,4.1693980830166755,0.0
59096.96139885581,0.2325264901361237,0.0
59096.96834335922,-0.5639202184079776,0.0
59096.97528786257,0.5135076033039239,0.0
59096.982232365976,1.8037708664959529,0.0
59096.98917686933,1.5218835646928581,0.0
59096.99612137268,-0.3661370347068038,0.0
59097.00306587602,-0.17747309743229844,0.0
59097.010010379316,0.37449307407106147,0.0
59097.01695488266,-1.6028429558664463,0.0
59097.02389938595,0.32757480738038613,0.0
59097.03084388924,1.030033820226262,0.0
59097.03778839253,0.0923729606940693,0.0
59097.04473289577,0.7091167166207917,0.0
59097.05167739905,-0.5820346554671436,0.0
59097.05862190229,0.19504683256707311,0.0
59097.065566405516,-0.3663102620376286,0.0
59097.07251090875,0.37012868571638047,0.0
59097.079455411986,2.1685266381144066,0.0
59097.08639991516,1.9713396043597557,0.0
59097.09334441833,-0.08054785268220521,0.0
59097.10028892151,0.6297182237274667,0.0
59097.10723342468,0.08644156496420274,0.0
59097.114177927855,1.6744468727638375,0.0
59097.121122430966,3.025365265410392,0.0
59097.12806693414,-0.5651322495453655,0.0
59097.13501143726,1.5824714917252032,0.0
59097.141955940315,2.2608956285411224,0.0
59097.14890044343,1.0785972216377453,0.0
59097.155844946545,0.5229454076563429,0.0
59097.162789449605,1.5348499458754525,0.0
59097.169733952665,2.5041701099759646,0.0
59097.17667845572,-0.3752272069451934,0.0
59097.18362295872,-1.5996471320409404,0.0
59097.190567461774,1.1048763361380285,0.0
59097.197511964776,1.1786266482802996,0.0
59097.20445646778,2.5503211086293134,0.0
59097.21140097077,1.8987638767585566,0.0
59097.218345473775,-3.42591634016416,0.0
59097.22528997671,2.6551864452540004,0.0
59097.232234479656,1.9911471070936815,0.0
59097.2391789826,1.9347356997391814,0.0
59097.24612348554,1.2073670977079036,0.0
59097.25306798848,2.4657235660540584,0.0
59097.26001249136,1.4889675911003466,0.0
59097.266956994245,-0.051660859482628774,0.0
59097.27390149713,-0.8115905149768811,0.0
59097.28084600001,2.1641288973538253,0.0
59097.287790502894,0.11318087940854604,0.0
59097.294735005715,-1.3065002536492258,0.0
59097.30167950854,-1.2190759453101783,0.0
59097.30862401137,2.4013863365107566,0.0
59097.31556851419,-0.7259374252403703,0.0
59097.32251301696,-0.3378232749960599,0.0
59097.32945751978,2.3535712895895284,0.0
59097.33640202255,0.9738602756844712,0.0
59097.34334652532,-1.0398351845853606,0.0
59097.35029102802,-0.7748986796116568,0.0
59097.35723553079,-2.533889597195798,0.0
59097.364180033495,-0.7096718425008572,0.0
59097.37112453621,-0.9448431987602866,0.0
59097.37806903892,1.6196500794315793,0.0
59097.38501354162,1.6878009873587263,0.0
59097.391958044274,1.9494162444622813,0.0
59097.39890254692,-1.9740115175321726,0.0
59097.40584704957,2.5806608689047943,0.0
59097.412791552226,2.682355946147527,0.0
59097.41973605487,1.621271884255874,0.0
59097.426680557466,3.634986586308589,0.0
59097.43362506005,-2.256799044297787,0.0
59097.44056956265,-0.7761792007572099,0.0
59097.44751406524,0.24011516952647116,0.0
59097.45445856783,2.270179476122106,0.0
59097.46140307037,-1.1732850574848976,0.0
59097.468347572896,1.357824270880741,0.0
59097.47529207543,1.9442491035016205,0.0
59097.48223657791,1.752097908990515,0.0
59097.48918108044,-0.21891517715743758,0.0
59097.49612558292,1.228989366517437,0.0
59097.50307008539,0.6580814504772621,0.0
59097.51001458787,-0.14528251534937175,0.0
59097.51695909029,-1.5519492942692907,0.0
59097.52390359276,0.31351000737385326,0.0
59097.53084809518,0.2572778942454854,0.0
59097.53779259759,-0.4220310012484648,0.0
59097.54473709995,-0.7615629152164569,0.0
59097.551681602374,-1.461712498129542,0.0
59097.55862610473,-3.1231021503230174,0.0
59097.56557060709,-1.0980376165580532,0.0
59097.572515109445,-0.7848445844620934,0.0
59097.57945961175,-2.0226686366555313,0.0
59097.58640411411,0.7681149848382486,0.0
59097.59334861641,0.7705525562187299,0.0
59097.60029311871,7.039545871800383,0.0
59097.60723762101,2.741108621299178,0.0
59097.61418212325,0.32426011590289516,0.0
59097.6211266255,1.5710443203328048,0.0
59097.628071127736,-2.139772841484063,0.0
59097.63501562998,-2.344498752142333,0.0
59097.64196013222,-2.764442779856066,0.0
59097.64890463441,-1.5686281166874552,0.0
59097.655849136594,0.017777243065350667,0.0
59097.662793638774,1.5966879319077405,0.0
59097.66973814096,1.2136603358293814,0.0
59097.67668264308,2.2809725498463664,0.0
59097.68362714521,-0.19208757532446274,0.0
59097.69057164734,0.8041129435785299,0.0
59097.69751614946,4.473833622808314,0.0
59097.704460651534,-0.7714782312119219,0.0
59097.71140515366,1.0050960374569116,0.0
59097.718349655726,0.4960602246303488,0.0
59097.7252941578,-2.7677038107077965,0.0
59097.7322386598,2.151974169696719,0.0
59097.739183161815,-2.5240003874307226,0.0
59097.74612766388,2.1018950352862906,0.0
59097.75307216589,1.765083632286733,0.0
59097.760016667846,1.2431430935886094,0.0
59097.76696116985,2.7085013977330874,0.0
59097.773905671806,-0.13096195837503433,0.0
59097.78085017376,2.1554034655162186,0.0
59097.78779467571,-0.17475805754628615,0.0
59097.7947391776,1.3152997818678198,0.0
59097.80168367949,-0.03295907823809807,0.0
59097.80862818139,1.3439657004062957,0.0
59097.815572683285,1.257367421991187,0.0
59097.82251718517,3.658146578426975,0.0
59097.82946168701,-0.6906639709683915,0.0
59097.83640618884,-1.0632910438877992,0.0
59097.84335069068,2.877955057270899,0.0
59097.85029519252,4.711950008311366,0.0
59097.85723969429,0.7927966279637693,0.0
59097.86418419607,-0.42622385962978004,0.0
59097.87112869784,-1.9635328990387164,0.0
59097.87807319962,3.212526591351068,0.0
59097.885017701345,-1.013016386442863,0.0
59097.89196220306,1.7360814249976864,0.0
59097.89890670478,0.4615755156871736,0.0
59097.905851206495,1.437442656170815,0.0
59097.91279570816,-2.915503407914004,0.0
59097.91974020988,-2.0586341783562645,0.0
59097.92668471148,0.8329101297865011,0.0
59097.93362921314,1.9692561792399157,0.0
59097.9405737148,-0.3551857511913564,0.0
59097.9475182164,0.12844100071672804,0.0
59097.95446271801,1.3281311256807327,0.0
59097.961407219605,2.956524156369364,0.0
59097.96835172115,1.306039081148696,0.0
59097.97529622275,2.4219315178831176,0.0
59097.9822407243,2.001993774408505,0.0
59097.989185225786,-1.397547263328864,0.0
59097.996129727326,-0.21650506821673032,0.0
59098.003074228815,-2.0109389426460558,0.0
59098.010018730296,1.5799799428931862,0.0
59098.016963231785,1.7252396499647502,0.0
59098.02390773327,2.131037243401213,0.0
59098.0308522347,-0.9589116562796209,0.0
59098.03779673613,-0.755814789028041,0.0
59098.04474123755,0.0365188924567692,0.0
59098.05168573892,-2.6474386323056773,0.0
59098.058630240295,1.4795689955142375,0.0
59098.06557474172,2.549615593986613,0.0
59098.07251924303,-1.1909821086471184,0.0
59098.079463744405,0.7017784258839335,0.0
59098.08640824571,0.6695217815298582,0.0
59098.093352747026,-0.4154051315441607,0.0
59098.10029724833,0.3169994545570134,0.0
59098.10724174965,-1.2512857513948676,0.0
59098.1141862509,0.7859894020613455,0.0
59098.12113075215,2.9891240173978746,0.0
59098.12807525341,-1.3879699635885414,0.0
59098.1350197546,0.4045424460170808,0.0
59098.141964255796,4.310973984134514,0.0
59098.14890875699,-0.2042861137094043,0.0
59098.155853258184,-0.025589444587194032,0.0
59098.16279775938,5.9971758486348055,0.0
59098.169742260514,1.2713949737706471,0.0
59098.17668676165,-0.7074827931147146,0.0
59098.18363126279,2.4303444839870547,0.0
59098.19057576387,2.7428142715431783,0.0
59098.19752026495,0.8687058559785442,0.0
59098.20446476602,-2.8266853082762906,0.0
59098.2114092671,0.49406278599374154,0.0
59098.21835376813,0.658623408578537,0.0
59098.2252982692,2.526878838025506,0.0
59098.232242770166,3.9213712013791,0.0
59098.23918727118,-2.0073393793691694,0.0
59098.246131772146,-1.7134227933330535,0.0
59098.25307627317,1.8959548126947254,0.0
59098.26002077407,1.4610767443893775,0.0
59098.266965275034,-0.21972623358810028,0.0
59098.27390977593,-3.5783951654163215,0.0
59098.28085427684,0.1872025733922149,0.0
59098.28779877775,0.01821111320706259,0.0
59098.294743278646,0.3671215320079424,0.0
59098.301687779494,0.8799153655424226,0.0
59098.30863228034,2.5982356621266187,0.0
59098.315576781184,0.7016645385108446,0.0
59098.322521281974,-2.702511621181486,0.0
59098.329465782816,0.4240850988063325,0.0
59098.33641028355,2.12890662406211,0.0
59098.34335478434,-3.1010862041968874,0.0
59098.35029928512,2.573045800478747,0.0
59098.35724378585,1.192436882381351,0.0
59098.36418828658,-1.3577143928596496,0.0
59098.37113278725,2.8109477834377112,0.0
59098.378077287925,0.907191037829306,0.0
59098.38502178865,2.0585932076604014,0.0
59098.391966289266,0.5192210270758282,0.0
59098.39891078993,2.289123746476176,0.0
59098.40585529055,1.8195363442535346,0.0
59098.412799791164,-4.856369221674676,0.0
59098.41974429177,-0.21112705078500404,0.0
59098.42668879233,-0.04180348993139593,0.0
59098.43363329288,1.682937800165586,0.0
59098.44057779344,-0.4176339869534651,0.0
59098.447522293995,-2.3177734113431234,0.0
59098.45446679449,3.014818989895425,0.0
59098.461411294986,-0.40696862132720213,0.0
59098.468355795485,-3.8768666195206762,0.0
59098.47530029598,1.081230239597523,0.0
59098.48224479642,0.249439585116499,0.0
59098.48918929685,1.6549433861665768,0.0
59098.496133797235,-0.15565908543310703,0.0
59098.503078297676,1.6385654440858228,0.0
59098.51002279805,-0.7679612936461815,0.0
59098.516967298434,5.979654231901737,0.0
59098.52391179875,1.2256735248214696,0.0
59098.530856299134,-2.156453787101402,0.0
59098.53780079946,1.0125457057932024,0.0
59098.54474529972,0.12441039592659298,0.0
59098.55168980004,1.076030058267577,0.0
59098.5586343003,1.3876770149179443,0.0
59098.56557880057,4.319938750198876,0.0
59098.572523300834,1.8205165540996582,0.0
59098.579467801035,-0.7180445214907818,0.0
59098.58641230124,-1.4980387705982527,0.0
59098.593356801444,3.6552028260505534,0.0
59098.600301301594,0.21091860582132327,0.0
59098.607245801744,1.3605469578036582,0.0
59098.61419030189,-0.15360248201452809,0.0
59098.62113480204,3.084564301474795,0.0
59098.62807930213,1.639752027729048,0.0
59098.63502380221,-1.2599257268524973,0.0
59098.641968302305,-2.418815839823077,0.0
59098.64891280239,1.2746350534771893,0.0
59098.65585730242,-1.4533017166514002,0.0
59098.66280180246,-0.27013104680547095,0.0
59098.669746302425,-0.5350353464234403,0.0
59098.67669080246,-3.274842590900001,0.0
59098.68363530243,-3.22597636378988,0.0
59098.69057980234,-2.2915130895186913,0.0
59098.69752430232,2.319046500332296,0.0
59098.70446880223,3.636147648433174,0.0
59098.711413302146,3.439027942946054,0.0
59098.718357802056,-3.619200825884546,0.0
59098.725302301915,-0.35111865421249067,0.0
59098.732246801774,-3.0339286649272603,0.0
59098.739191301625,-0.40016070107582413,0.0
59098.746135801426,0.6440428937838338,0.0
59098.75308030122,-0.24725347839007705,0.0
59098.76002480102,3.541995732301907,0.0
59098.76696930082,1.4947608145352338,0.0
59098.773913800556,1.2418785796677807,0.0
59098.7808583003,-2.87842154521927,0.0
59098.787802800034,4.47302770748076,0.0
59098.79474729972,3.6185852716881337,0.0
59098.8016917994,-0.10026131396356619,0.0
59098.80863629908,5.345004602326664,0.0
59098.815580798764,2.1458269397922876,0.0
59098.82252529838,-1.3656071979579478,0.0
59098.82946979801,1.760094155052446,0.0
59098.836414297635,3.2799225837425245,0.0
59098.843358797196,1.5029440932797098,0.0
59098.850303296764,-0.5340011253085446,0.0
59098.85724779633,1.5648180639179645,0.0
59098.864192295834,-0.9730010014375461,0.0
59098.871136795344,3.7960791920342873,0.0
59098.878081294846,0.19152347486299415,0.0
59098.885025794356,0.17031122892579575,0.0
59098.89197029381,-1.2310036551250683,0.0
59098.89891479325,-0.2999406723632385,0.0
59098.9058592927,-1.8920988499372744,0.0
59098.91280379209,0.7789333567256818,0.0
59098.91974829154,0.2504654400745614,0.0
59098.926692790876,-2.9378056288478542,0.0
59098.93363729026,-1.9044109003793825,0.0
59098.9405817896,0.40107840398111905,0.0
59098.947526288925,2.3688288171875964,0.0
59098.95447078826,0.9197474907022969,0.0
59098.96141528754,0.027411073967184008,0.0
59098.968359786806,2.40701249881616,0.0
59098.97530428608,-2.77431802639948,0.0
59098.982248785294,0.029272174948202778,0.0
59098.98919328451,-1.205670835339973,0.0
59098.99613778373,0.7069248980239946,0.0
59099.00308228294,3.245014610197865,0.0
59099.0100267821,0.8610979903845282,0.0
59099.016971281264,-1.2727037262598482,0.0
59099.02391578042,-0.3350869561633565,0.0
59099.03086027952,-0.5740655630311609,0.0
59099.037804778614,-0.7847245939009269,0.0
59099.04474927772,3.666506178602899,0.0
59099.05169377676,-3.014085350802625,0.0
59099.058638275856,1.377564086352041,0.0
59099.06558277484,1.3977871057113591,0.0
59099.07252727388,0.27907126729863596,0.0
59099.079471772864,-0.06489178977587207,0.0
59099.08641627185,0.6984066218192517,0.0
59099.09336077083,1.62720391079537,0.0
59099.100305269756,-2.8658894436581352,0.0
59099.10724976874,1.837477101422056,0.0
59099.114194267604,0.7695638821524469,0.0
59099.12113876653,0.06636664432378181,0.0
59099.128083265394,1.4537427774018772,0.0
59099.13502776426,-0.3542532842837869,0.0
59099.141972263125,-1.8634101627541244,0.0
59099.14891676194,-1.9115817229629908,0.0
59099.15586126075,0.47899047872671496,0.0
59099.16280575955,1.1248916505374635,0.0
59099.169750258305,-1.3873612846510621,0.0
59099.17669475706,-1.4271862982828813,0.0
59099.1836392558,1.0342453075567588,0.0
59099.19058375456,0.5674048017703182,0.0
59099.197528253244,-0.6323101726866274,0.0
59099.20447275194,1.192476321727229,0.0
59099.21141725063,-3.50074480654276,0.0
59099.21836174926,-0.8255039482907076,0.0
59099.2253062479,0.68859048281784,0.0
59099.23225074653,1.0909950255870782,0.0
59099.23919524511,2.5411206081645297,0.0
59099.246139743744,-2.2903380143282774,0.0
59099.253084242315,-0.5126917828290349,0.0
59099.260028740835,-2.3861134907982455,0.0
59099.26697323941,1.1185688039969004,0.0
59099.273917737926,-0.7593950043873268,0.0
59099.28086223639,1.2149185592604643,0.0
59099.2878067349,2.0486428775342462,0.0
59099.29475123336,-2.8550076805542037,0.0
59099.301695731825,4.610592342292022,0.0
59099.30864023028,-3.000196501372736,0.0
59099.31558472868,3.9089634474872725,0.0
59099.32252922708,0.5546059532456138,0.0
59099.329473725484,-1.187620439236738,0.0
59099.33641822383,1.528041489066923,0.0
59099.343362722226,1.4985599274218773,0.0
59099.35030722051,0.6799472126401773,0.0
59099.35725171885,0.6377609263460942,0.0
59099.3641962172,-2.522088555434778,0.0
59099.371140715484,-1.0028193104729128,0.0
59099.378085213706,-4.136838575391229,0.0
59099.38502971199,2.131427405504735,0.0
59099.391974210215,-3.108176243762407,0.0
59099.398918708444,0.9444087569455599,0.0
59099.40586320667,-1.3156909628095947,0.0
59099.412807704895,-0.008100471588508018,0.0
59099.419752203066,-3.6791507864242075,0.0
59099.42669670124,1.55711926278036,0.0
59099.43364119934,5.9158786652069,0.0
59099.44058569751,2.6102118518168136,0.0
59099.447530195626,1.0980256685947458,0.0
59099.45447469373,2.827769500866939,0.0
59099.461419191786,2.3447863843917682,0.0
59099.46836368989,0.8390592763246432,0.0
59099.475308187946,-2.4764675612363165,0.0
59099.48225268599,0.4580257863122642,0.0
59099.48919718399,-1.212694973439862,0.0
59099.496141682044,-0.6893749332910689,0.0
59099.50308618003,0.22989620317970916,0.0
59099.51003067803,-3.2831768595588575,0.0
59099.51697517597,1.2681701851028826,0.0
59099.5239196739,-0.7225975533600913,0.0
59099.530864171895,1.388850340868156,0.0
59099.53780866977,1.843063169719699,0.0
59099.544753167705,2.790088655646338,0.0
59099.55169766558,-0.46380331108146367,0.0
59099.558642163516,1.3547914843880076,0.0
59099.56558666134,-3.412717173938103,0.0
59099.57253115921,-0.6938080535679638,0.0
59099.57947565709,-1.5040463310936005,0.0
59099.58642015491,1.667040286907386,0.0
59099.59336465273,3.9705197734158766,0.0
59099.60030915055,1.9537306679371649,0.0
59099.60725364831,4.620139862108097,0.0
59099.614198146126,2.6751318263643236,0.0
59099.62114264389,0.796249146726085,0.0
59099.628087141646,2.2763872902507933,0.0
59099.63503163935,-2.5420038710947637,0.0
59099.64197613711,-2.467467636009885,0.0
59099.64892063481,-3.607126832701729,0.0
59099.66975412792,-0.006457581984731675,0.0
59099.676698625626,4.828771697366317,0.0
59099.683643123266,0.14897921617102727,0.0
59099.69058762091,0.6773116906765022,0.0
59099.69753211855,0.7131158619651233,0.0
59099.7044766162,-0.8661225573315693,0.0
59099.71142111385,2.9171954219603737,0.0
59099.71836561143,2.294789302724756,0.0
59099.725310109076,0.1697240690497701,0.0
59099.73225460666,3.035683168956516,0.0
59099.739199104246,0.25897726234196417,0.0
59099.746143601835,-0.22500470677160422,0.0
59099.75308809936,-3.924671882080329,0.0
59099.76003259695,3.2750384173831044,0.0
59099.794755084644,1.6083901408556902,0.0
59099.81558857723,2.229327195984535,0.0
59099.82253307469,-2.7474195822138476,0.0
59099.829477572224,1.266603115952678,0.0
59099.8364220697,0.6695867040256925,0.0
59099.84336656722,-1.5981930521967889,0.0
59099.85031106469,-2.133459364202884,0.0
59099.857255562165,-2.9675705281313944,0.0
59099.86420005963,-1.6706062429109212,0.0
59099.8711445571,-0.37772104472574,0.0
59099.878089054626,-1.6463128496894588,0.0
59099.8850335521,-1.1748824283693873,0.0
59099.89197804957,-1.3234401511072673,0.0
59099.898922547036,3.215632790780094,0.0
59099.90586704451,-2.4979977311524966,0.0
59099.91281154197,-1.5848039795594797,0.0
59099.919756039446,-3.9968566366450244,0.0
59099.92670053692,1.0348500109607692,0.0
59099.93364503438,1.8526399259018747,0.0
59099.940589531856,3.0353420823332846,0.0
59099.94753402933,-6.056752972053946,0.0
59099.95447852679,-4.920133942910844,0.0
59099.961423024324,-3.7219904307181375,0.0
59099.96836752179,0.804888162317325,0.0
59099.97531201926,0.10808317480826157,0.0
59099.982256516785,-2.545630727336269,0.0
59099.98920101426,-0.5764234728872264,0.0
59099.99614551179,-2.218006967722489,0.0
59100.00309000931,0.5764021169704436,0.0
59100.01003450684,3.5496252796480148,0.0
59100.030867999485,3.3745569548388277,0.0
59100.037812497016,0.738300677865399,0.0
59100.051701492186,-2.7701538782198485,0.0
59100.05864598977,0.07919757732897259,0.0
59100.065590487415,4.638405287609826,0.0
59100.072534985,-1.8954246934227732,0.0
59100.07947948264,-0.6766532720067047,0.0
59100.100312975694,0.18545632916113597,0.0
59100.1072574734,2.7871391517497326,0.0
59100.1142019711,-1.9535501062405607,0.0
59100.12114646886,-1.3215149187120325,0.0
59100.128090966624,1.3844268501194654,0.0
59100.13503546444,0.9352630502930713,0.0
59100.14197996226,-0.5247502056369068,0.0
59100.148924460074,1.1071370402555711,0.0
59100.155868957954,-1.5450161452127453,0.0
59100.16281345583,0.10682315403377496,0.0
59100.169757953765,-1.431782375904207,0.0
59100.1767024517,-4.210543850902663,0.0
59100.18364694969,-0.31017921667458226,0.0
59100.19059144769,-2.121072895908252,0.0
59100.19753594574,5.2946502403981235,0.0
59100.20448044385,-0.6039045348395808,0.0
59100.21142494196,0.13515309288447974,0.0
59100.21836944007,0.7301294834107934,0.0
59100.22531393824,-0.9439556383289363,0.0
59100.23225843647,-2.3909712974269417,0.0
59100.23920293475,3.788796065655234,0.0
59100.246147433034,-2.149778756475967,0.0
59100.25309193137,-0.07529818647581887,0.0
59100.260036429776,1.2193124403594113,0.0
59100.26698092824,-1.9212805202781311,0.0
59100.27392542669,0.4448800534189853,0.0
59100.28086992521,-4.379373518503988,0.0
59100.28781442379,1.5558984743969797,0.0
59100.29475892242,-2.8994820653647957,0.0
59100.301703421115,0.09043367312649797,0.0
59100.30864791987,5.957560841772046,0.0
59100.31559241867,0.3459191304436606,0.0
59100.32253691754,-0.6538425844883733,0.0
59100.32948141646,-5.228436512941843,0.0
59100.33642591545,1.516725293346805,0.0
59100.343370414485,-1.8473700162504412,0.0
59100.350314913645,-3.9802337593504324,0.0
59100.357259412805,2.115318242433895,0.0
59100.364203912075,-4.615360530913515,0.0
59100.37114841141,-2.1902645259966196,0.0
59100.3780929108,1.5295405082379716,0.0
59100.385037410306,-3.6694298511622905,0.0
59100.391981909816,-1.2108294758884484,0.0
59100.39892640949,-5.8414540584578045,0.0
59100.405870909235,-5.251862710879778,0.0
59100.412815409036,-1.1765771541165275,0.0
59100.419759908946,3.75273689584174,0.0
59100.42670440892,0.5915566514858568,0.0
59100.43364890901,-1.0464654582674742,0.0
59100.440593409214,-0.4438985606545012,0.0
59100.44753790948,-3.5951018209138654,0.0
59100.454482409856,0.891810691185551,0.0
59100.461426910355,0.6450767452568898,0.0
59100.46837141097,-4.089404150560298,0.0
59100.47531591164,-0.7283394001618282,0.0
59100.482260412486,-1.4560313554046784,0.0
59100.48920491344,-0.6422249161420843,0.0
59100.496149414466,-0.008404300452822921,0.0
59100.503093915664,-0.23266026878195412,0.0
59100.51003841697,1.1436998284125255,0.0
59100.5169829184,-4.05080102754868,0.0
59100.52392741994,-5.0727243308473025,0.0
59100.53087192166,1.1512251061464096,0.0
59100.5378164235,-3.554035437382579,0.0
59100.54476092545,0.7013493748004294,0.0
59100.55170542758,2.929008735538959,0.0
59100.55864992982,-5.317099105791051,0.0
59100.565594432235,-0.683545510703031,0.0
59100.57253893483,-2.536663566809671,0.0
59100.5794834376,-2.4523573529659104,0.0
59100.58642794048,-2.1415491596853338,0.0
59100.59337244354,0.6581618854987017,0.0
59100.600316946766,-6.731466840382144,0.0
59100.607261450175,1.556601888748039,0.0
59100.61420595376,1.4296033162369892,0.0
59100.62115045751,-3.3145383876339016,0.0
59100.628094961445,-0.07169908812362835,0.0
59100.635039465604,0.060943161876073515,0.0
59100.641983969945,-0.6235947789704825,0.0
59100.64892847446,-3.7206548370022112,0.0
59100.6558729792,-0.6583708064847357,0.0
59100.662817484124,-4.699560761768363,0.0
59100.66976198928,-0.8815604192799483,0.0
59100.6767064946,-3.7564783019966854,0.0
59100.68365100017,-5.507568745583895,0.0
59100.690595505956,-2.7361581251413316,0.0
59100.697540011985,3.607387311277675,0.0
59100.70448451824,-0.9160812312799518,0.0
59100.711429024734,-0.04328991847612562,0.0
59100.71837353146,3.2711393789834644,0.0
59100.725318038414,-1.9905424412055588,0.0
59100.73226254561,1.3558226459136309,0.0
59100.73920705309,0.9420285248758336,0.0
59100.7461515608,-3.641302638544684,0.0
59100.75309606881,3.092488685918523,0.0
59100.76004057705,-2.826318256662319,0.0
59100.766985085516,0.032192920060122754,0.0
59100.77392959434,-4.362568452380906,0.0
59100.78087410339,1.7771343830160986,0.0
59100.787818612735,-1.8981178332010114,0.0
59100.794763122314,0.49796933857696,0.0
59100.801707632236,-1.032480692251809,0.0
59100.808652142456,-1.4231688053595875,0.0
59100.8155966529,-0.18243784617475156,0.0
59100.8225411637,-0.8771257554471711,0.0
59100.829485674796,2.9412791174822193,0.0
59100.83643019624,-4.469542012065059,0.0
59100.84337470792,-4.396730810192794,0.0
59100.85031921994,-2.9215999409191733,0.0
59100.85726373231,-2.478702220481287,0.0
59100.86420824497,1.0315092439706266,0.0
59100.87115275792,-5.478744250898197,0.0
59101.829498013954,-0.09905910624575942,0.0
59101.83644255281,0.6016473075495562,0.0
59101.843387091605,-0.6080268480024309,0.0
59101.86422070823,-1.1809054434712154,0.0
59101.87810978594,-0.9809185846318734,0.0
59101.8850543248,-2.0756125423011014,0.0
59101.891998863655,-1.088804131606826,0.0
59101.898943402564,-2.7256522127077543,0.0
59101.90588794142,-0.9952086533916791,0.0
59101.91283248027,-1.022742719798945,0.0
59101.91977701913,-4.2338744705930464,0.0
59101.92672155799,-1.5559216662412212,0.0
59101.93366609684,-3.064273559238471,0.0
59101.94061063564,-2.9009025833761752,0.0
59101.9475551745,-0.20266421256909717,0.0
59101.95449971335,0.020623277584798427,0.0
59101.96144425215,-2.9072035551984414,0.0
59101.96838879095,-2.358153286314015,0.0
59101.97533332974,-0.6781999661241518,0.0
59101.98227786854,-0.9292732464983732,0.0
59101.989222407334,-1.4767094673716954,0.0
59101.99616694613,-1.0471202705166758,0.0
59102.00311148487,-0.44199784705273737,0.0
59102.01005602367,-1.0783699821179296,0.0
59102.01700056241,-1.1660666078839426,0.0
59102.02394510109,-0.3083422365621022,0.0
59102.03088963983,-0.5905029247423675,0.0
59102.03783417851,-0.7068568074691184,0.0
59102.044778717245,-0.6114716688953152,0.0
59102.05172325587,-0.8057074898155339,0.0
59102.058667794554,-1.3495465138536096,0.0
59102.06561233323,-0.8151415725774883,0.0
59102.072556871855,-2.6264010310138577,0.0
59102.07950141042,0.9900225437762645,0.0
59102.08644594904,-0.7871053438896469,0.0
59102.09339048761,-1.1929975262934827,0.0
59102.100335026174,-0.1404480948958719,0.0
59102.107279564734,-1.8335818752710595,0.0
59102.11422410324,-0.8284649614379462,0.0
59102.121168641745,-0.021008487922556884,0.0
59102.12811318025,-0.8359548368921761,0.0
59102.135057718755,-0.6905622938698255,0.0
59102.142002257206,1.290476895881897,0.0
59102.1489467956,-0.5021544163964013,0.0
59102.15589133404,-1.877257561103054,0.0
59102.162835872434,-0.16530167006795832,0.0
59102.169780410826,0.01358653336842211,0.0
59102.17672494915,-0.0767018665708179,0.0
59102.18366948749,-1.7528296685672349,0.0
59102.19061402582,-1.4688487905595946,0.0
59102.19755856409,0.07753860975307322,0.0
59102.204503102366,0.14238716233524523,0.0
59102.211447640635,-2.0314424051305284,0.0
59102.21839217885,-1.0805872071512428,0.0
59102.22533671707,-2.4787743880186004,0.0
59102.23228125522,-0.19632511897925317,0.0
59102.23922579338,-0.8869713133035161,0.0
59102.246170331535,0.9823464327623879,0.0
59102.253114869636,-1.2052303891812577,0.0
59102.26005940774,-0.27098592359397855,0.0
59102.26700394577,-1.539917174806218,0.0
59102.27394848382,-0.738525886069912,0.0
59102.28089302186,-0.054550034391790625,0.0
59102.28783755984,-0.32075284136003845,0.0
59102.29478209782,-0.8401565415769983,0.0
59102.3017266358,-1.004614257713155,0.0
59102.30867117373,-2.4528632145341573,0.0
59102.315615711595,-0.6629597755637638,0.0
59102.322560249515,-0.543357636925965,0.0
59102.329504787325,0.49406988814517816,0.0
59102.336449325194,0.3446201329514942,0.0
59102.343393863,-0.08548372314116903,0.0
59102.35033840075,-0.6159817194581574,0.0
59102.3572829385,0.34395734991282695,0.0
59102.364227476246,-0.5466840932558299,0.0
59102.37117201394,0.23957481362034383,0.0
59102.37811655163,-0.2523452502817911,0.0
59102.38506108926,-1.4272341209860804,0.0
59102.3920056269,0.20371218408298178,0.0
59102.39895016453,-1.4848823347008926,0.0
59102.405894702104,0.2001928756287456,0.0
59102.412839239674,-1.0309621846560415,0.0
59102.41978377719,-1.6444270798323042,0.0
59102.426728314655,0.004942874735858693,0.0
59102.43367285217,-0.7989560159390603,0.0
59102.44061738963,-0.11995378420798156,0.0
59102.44756192703,-0.6696182768972764,0.0
59102.454506464426,-0.5737045602557369,0.0
59102.46145100183,-0.08760890695474738,0.0
59102.468395539174,-0.3259548090467297,0.0
59102.47534007645,1.4098534442271005,0.0
59102.48228461374,-2.4429238658295005,0.0
59102.48922915102,-1.774720086958601,0.0
59102.49617368825,0.2719939830047773,0.0
59102.503118225475,-0.51984450851263,0.0
59102.510062762696,-0.5688991510845254,0.0
59102.517007299866,-1.2830332787172918,0.0
59102.52395183698,-1.4785516354583863,0.0
59102.53089637408,0.8659855081612805,0.0
59102.537840911195,0.7158907254330384,0.0
59102.54478544824,0.3823543443645573,0.0
59102.551729985236,-0.02880671443731464,0.0
59102.55867452229,-1.0625410163410498,0.0
59102.56561905922,-1.7420390993150252,0.0
59102.572563596215,-0.33464240213910823,0.0
59102.57950813309,-1.9232956321836658,0.0
59102.586452670024,-1.4782852806329774,0.0
59102.5933972069,-0.5570223883278955,0.0
59102.60034174372,0.3111435797918602,0.0
59102.60728628054,-0.9346517720130336,0.0
59102.61423081736,0.13138005629477645,0.0
59102.621175354114,-1.378645727822907,0.0
59102.62811989088,-2.0527495153139412,0.0
59102.63506442758,-1.8858617367604265,0.0
59102.64200896428,-0.8896880786471097,0.0
59102.648953500924,-1.040033583291726,0.0
59102.65589803756,-2.22988515596752,0.0
59102.66284257415,-0.10198675136032925,0.0
59102.66978711074,0.36426082666174553,0.0
59102.67673164726,-0.03454820195666816,0.0
59102.68367618379,-0.9660918084213683,0.0
59102.69062072032,-0.39157834044969697,0.0
59102.697565256785,0.6865465947547333,0.0
59102.70450979326,-1.5632557940488176,0.0
59102.71145432966,-1.0397746545530122,0.0
59102.718398866076,-0.03592094824463765,0.0
59102.72534340243,1.3742191170647522,0.0
59102.73228793878,0.04139763999722929,0.0
59102.739232475076,-0.5588042616307454,0.0
59102.74617701137,1.2744672207080368,0.0
59102.753121547605,-0.654962916855313,0.0
59102.76006608384,-0.9378638186481727,0.0
59102.76701062008,0.3200609185649497,0.0
59102.773955156255,-1.168943130321506,0.0
59102.780899692436,-0.8826263769807395,0.0
59102.78784422855,0.12834613268377837,0.0
59102.79478876467,-1.7336061964950855,0.0
59102.80173330074,-1.2486181542780401,0.0
59102.808677836794,-0.6425210055147765,0.0
59102.8156223728,-0.20698974915575763,0.0
59102.8225669088,-0.9232228525576225,0.0
59102.829511444805,-1.0975385122361385,0.0
59102.83645598075,-0.5485777400786465,0.0
59102.843400516635,-1.0125403530699137,0.0
59102.850345052524,-2.03571405203739,0.0
59102.85728958841,-1.836990683026209,0.0
59102.86423412424,-0.4602480628339144,0.0
59102.87117866007,0.3664084684819362,0.0
59102.8781231959,0.565058548597447,0.0
59102.885067731666,-1.6085921479288325,0.0
59102.89201226738,-1.1548583762062643,0.0
59102.89895680309,-0.896283243256655,0.0
59102.9059013388,1.2108779805117766,0.0
59102.91284587446,-1.6561632880341197,0.0
59102.91979041011,-0.5267502571592192,0.0
59102.92673494571,-1.495964375309316,0.0
59102.933679481306,-1.1754183533089704,0.0
59102.94062401684,-0.03896354812409342,0.0
59102.94756855238,-1.8592400469073112,0.0
59102.95451308791,1.3596095791134584,0.0
59102.961457623394,-1.067771438173185,0.0
59102.96840215882,-0.05451492812616909,0.0
59102.975346694235,-1.4069111886964583,0.0
59102.98229122966,0.9047003757839205,0.0
59102.98923576508,-0.5932654511352278,0.0
59102.99618030038,-1.1125679471413754,0.0
59103.00312483575,-1.1574759995138417,0.0
59103.01006937105,1.1356599878181535,0.0
59103.017013906356,-1.6539584361549498,0.0
59103.023958441605,-0.4568098568216826,0.0
59103.03090297685,-0.3691227079324677,0.0
59103.03784751204,-1.3503665999112429,0.0
59103.04479204723,-0.3791699498460922,0.0
59103.051736582354,-0.6019563248751872,0.0
59103.05868111749,0.06932079738695718,0.0
59103.06562565261,-0.06290995802489308,0.0
59103.07257018769,-1.2638575994042698,0.0
59103.07951472276,-1.9216003896221139,0.0
59103.08645925777,-1.1009332417858269,0.0
59103.09340379279,1.6661024033163427,0.0
59103.100348327745,0.16959855646421163,0.0
59103.107292862696,1.1047928276269074,0.0
59103.114237397655,-3.3343404971286272,0.0
59103.121181932554,-1.2901659423249743,0.0
59103.12812646745,-0.40744850198306237,0.0
59103.13507100229,-3.0732313269931426,0.0
59103.14201553712,-1.5069383005717647,0.0
59103.148960071965,0.8367141704555088,0.0
59103.15590460675,1.0342810971877068,0.0
59103.162849141525,-0.9069447417824603,0.0
59103.16979367625,-0.5072939386174654,0.0
59103.176738210976,-2.0887189773562187,0.0
59103.183682745635,-0.37425923139682693,0.0
59103.1906272803,0.7640469226758826,0.0
59103.19757181496,-0.3364099044894793,0.0
59103.20451634957,-0.6120280369382811,0.0
59103.21146088418,-1.597956029774713,0.0
59103.218405418724,-1.344216299238709,0.0
59103.225349953274,-1.789155976814004,0.0
59103.232294487825,-0.09699788805885662,0.0
59103.23923902231,-1.9145534248518457,0.0
59103.2461835568,0.16112897985377717,0.0
59103.25312809124,-0.3576209970911539,0.0
59103.260072625664,-0.1373745928008352,0.0
59103.2670171601,-1.0778428475752393,0.0
59103.27396169447,0.08814060720806888,0.0
59103.28090622884,-0.7036083080356684,0.0
59103.28785076316,-0.0796540052804316,0.0
59103.29479529747,-1.5973073785913918,0.0
59103.30173983173,-1.8040747095269793,0.0
59103.30868436604,-0.5336353218337633,0.0
59103.31562890024,0.016002149866825244,0.0
59103.3225734345,0.6766358196756713,0.0
59103.3295179687,0.062182990651708514,0.0
59103.33646250284,-1.1224039010933042,0.0
59103.343407036984,0.030112847020562383,0.0
59103.35035157112,-2.4431604808284666,0.0
59103.357296105205,-1.7807083128651482,0.0
59103.36424063929,0.019840104006501547,0.0
59103.37118517337,-1.1772859733449255,0.0
59103.378129707395,-1.1769421675143423,0.0
59103.38507424142,-1.1485852115215964,0.0
59103.39201877538,-0.07431919062919401,0.0
59103.39896330935,-0.02428002032808202,0.0
59103.40590784331,-0.3958904497542155,0.0
59103.41285237722,-0.23928412841640662,0.0
59103.419796911134,-0.5792820293289395,0.0
59103.42674144498,-2.420980055327845,0.0
59103.43368597883,1.2260807864942027,0.0
59103.440630512676,-1.2074823369209011,0.0
59103.44757504647,-1.503354448677659,0.0
59103.454519580264,-2.4717516280231147,0.0
59103.46146411405,-1.1942210288271489,0.0
59103.46840864779,-1.1263790994675404,0.0
59103.47535318152,1.436130790571227,0.0
59103.48229771519,-0.6854046231564261,0.0
59103.48924224887,0.1207583490098929,0.0
59103.49618678249,-1.696721788633695,0.0
59103.50313131616,0.05659069813266998,0.0
59103.51007584978,-1.2997427539674886,0.0
59103.51702038334,-1.0296977891467518,0.0
59103.523964916894,0.01576926081594754,0.0
59103.530909450456,-0.3923488479840175,0.0
59103.53785398395,-0.6715711028599021,0.0
59103.544798517454,0.011945082587166811,0.0
59103.55174305096,-0.9310816702997562,0.0
59103.558687584395,-2.701836964268023,0.0
59103.56563211784,-0.5526827395744789,0.0
59103.57257665122,-2.1541978159112483,0.0
59103.579521184605,0.28781512265248643,0.0
59103.58646571799,-1.0844634388651218,0.0
59103.59341025137,0.07172294798995199,0.0
59103.6003547847,-3.9564596330779462,0.0
59103.60729931797,-1.1336934635899096,0.0
59103.61424385129,-1.7861584185159753,0.0
59103.6211883845,0.5850785948363866,0.0
59103.628132917765,-1.1865260352008522,0.0
59103.63507745098,-2.1242646262496914,0.0
59103.64202198419,-1.7472188922140282,0.0
59103.648966517336,-1.8062424121011824,0.0
59103.65591105055,-1.3756298553498354,0.0
59103.66285558364,-0.20331754678572223,0.0
59103.66980011679,0.8890489022310887,0.0
59103.676744649885,0.6838449939599501,0.0
59103.68368918292,6.557221044131401,0.0
59103.69063371601,-0.3218183717608013,0.0
59103.69757824899,-0.9593750002555498,0.0
59103.70452278202,-0.7279358162369352,0.0
59103.711467315,0.6713525480709975,0.0
59103.71841184798,-0.48651263471006345,0.0
59103.72535638095,-0.7295699446573982,0.0
59103.73230091387,0.030681411991252072,0.0
59103.73924544679,-1.0484195761522066,0.0
59103.74618997965,-3.705190708151003,0.0
59103.75313451251,-0.9785477883255055,0.0
59103.76007904537,-0.3291640879275348,0.0
59103.76702357817,0.3986984935335842,0.0
59103.773968110974,-0.4172377328240174,0.0
59103.78091264377,1.475024642410863,0.0
59103.78785717652,-0.32282070319302225,0.0
59103.794801709264,-0.9157496433429301,0.0
59103.801746242,-1.567571221891248,0.0
59103.80869077469,1.176223575408256,0.0
59103.81563530738,-2.4296957416961917,0.0
59103.82257984006,0.9930043551772096,0.0
59103.82952437269,-0.6371286884312534,0.0
59103.83646890531,1.5098969074866875,0.0
59103.84341343794,0.13369120449906113,0.0
59103.850357970514,-0.09786005512476004,0.0
59103.85730250308,0.12645178946363267,0.0
59103.86424703559,-0.3996355866188955,0.0
59103.87119156816,-0.5709064844190219,0.0
59103.87813610067,0.36009813822040787,0.0
59103.885080633125,-0.4132458067200048,0.0
59103.89202516558,-0.5259524953519221,0.0
59103.89896969803,1.0099804564322417,0.0
59103.90591423048,-2.227217011055204,0.0
59103.91285876288,-0.7129286853085817,0.0
59103.91980329527,-0.7131163391564826,0.0
59103.92674782761,-0.6069428647659728,0.0
59103.93369235994,1.1769703174285562,0.0
59103.94063689228,-0.7405379447549527,0.0
59103.94758142462,0.6826273955006961,0.0
59103.95452595689,-1.2966294597915153,0.0
59103.96147048917,-0.8992168586254279,0.0
59103.968415021394,0.30348890083189917,0.0
59103.97535955367,-1.4630402718306081,0.0
59103.98230408583,0.4176265510929644,0.0
59103.98924861805,-0.8722694844558181,0.0
59103.99619315021,-1.5033765196471296,0.0
59104.003137682375,-0.19133006817844672,0.0
59104.01008221453,-0.6643742279933087,0.0
59104.01702674664,-0.6905104527747167,0.0
59104.023971278744,-0.39800840210674493,0.0
59104.030915810785,-0.5584488985850169,0.0
59104.03786034289,1.910274863732195,0.0
59104.04480487488,-1.459808537721841,0.0
59104.05174940692,0.33643582850582543,0.0
59104.05869393891,0.031387620985075304,0.0
59104.06563847089,0.6886991337009316,0.0
59104.07258300288,-0.4382643675852579,0.0
59104.079527534814,-0.6888691272402847,0.0
59104.08647206674,0.5259254784772377,0.0
59104.09341659867,-0.5904782656939008,0.0
59104.10036113054,-0.5554280819387587,0.0
59104.10730566241,-1.2014774340634065,0.0
59104.11425019428,-0.7990036394420441,0.0
59104.12119472609,-0.027089359837025706,0.0
59104.12813925796,-1.5588637315857703,0.0
59104.13508378972,1.4701323306527496,0.0
59104.14202832153,0.22578503319730858,0.0
59104.14897285328,0.6204049185954541,0.0
59104.15591738504,0.2745297653130053,0.0
59104.16286191673,1.3857562391596825,0.0
59104.16980644843,-0.5924549115197922,0.0
59104.17675098013,0.3182263891938208,0.0
59104.18369551182,-0.14990765475943896,0.0
59104.19064004346,0.5971915235991136,0.0
59104.1975845751,-0.4061270735784715,0.0
59104.20452910673,-1.318906024858018,0.0
59104.211473638316,0.5644431517510364,0.0
59104.21841816989,-0.9482078022509223,0.0
59104.22536270147,-1.1350732143589877,0.0
59104.232307233,-0.015078113873141674,0.0
59104.23925176451,-0.8176572057770681,0.0
59104.24619629604,1.1911397316022463,0.0
59104.25314082755,0.3908290442958113,0.0
59104.26008535902,-0.5189115080770965,0.0
59104.267029890485,-0.1507500549226612,0.0
59104.273974421885,-0.09455099889396734,0.0
59104.28091895335,1.3397406303157318,0.0
59104.28786348476,-0.7356751036137301,0.0
59104.2948080161,-0.5934939218301326,0.0
59104.30175254751,-0.806368644597276,0.0
59104.30869707886,0.954003636566869,0.0
59104.31564161014,-1.6858687597461075,0.0
59104.32258614149,0.6143189762491945,0.0
59104.32953067278,13.009881264517961,0.0
59104.336475204065,1.1224167300880206,0.0
59104.3434197353,-0.046091822954398176,0.0
59104.35036426659,1.0763058881532444,0.0
59104.357308797815,-2.1108845183939065,0.0
59104.36425332899,0.1193903730685496,0.0
59104.371197860215,-0.5447175571764866,0.0
59104.37814239139,-0.7450350359728799,0.0
59104.385086922564,1.03688659881967,0.0
59104.39203145367,-0.23777055252702517,0.0
59104.39897598479,-0.5772165007611773,0.0
59104.4059205159,1.2204972120098883,0.0
59104.412865047016,0.02933795262412142,0.0
59104.419809578074,-0.7298304838174569,0.0
59104.426754109125,-1.4605622382554795,0.0
59104.43369864018,0.25058855409921726,0.0
59104.44064317118,-0.8583020782054729,0.0
59104.447587702176,1.4290577431980178,0.0
59104.454532233176,-0.4024851375891463,0.0
59104.461476764176,-1.3515918566339615,0.0
59104.46842129511,1.190087745937454,0.0
59104.47536582605,0.7371789062846195,0.0
59104.482310356994,0.68864601649408,0.0
59104.48925488787,-0.32909158726259036,0.0
59104.496199418754,-1.1427317492704512,0.0
59104.50314394963,0.5538019467859416,0.0
59104.510088480514,0.11703199284170812,0.0
59104.51703301134,-1.060292157145918,0.0
59104.52397754216,-0.9717773898104096,0.0
59104.53092207298,-1.3004258861167686,0.0
59104.53786660375,-0.6792426665453459,0.0
59104.54481113451,-0.319153986816629,0.0
59104.55175566528,2.744980077398589,0.0
59104.55870019604,-0.9133132648480999,0.0
59104.56564472675,-0.6761628836261355,0.0
59104.572589257456,-0.524324670552234,0.0
59104.57953378816,23.637180854985015,0.0
59104.58647831881,-0.1417108778068552,0.0
59104.59342284946,0.4162847802828781,0.0
59104.6003673801,-0.5320736458748122,0.0
59104.60731191075,0.35506652106534553,0.0
59104.614256441346,-0.24982717523688663,0.0
59104.62120097193,0.917658987953232,0.0
59104.628145502524,-1.9818328516177324,0.0
59104.635090033116,-1.1708919373102136,0.0
59104.64203456364,0.5261633239657244,0.0
59104.64897909418,-0.47993397099397883,0.0
59104.65592362465,0.48722713770823667,0.0
59104.66286815518,-0.36857735516941,0.0
59104.66981268566,-0.3048622041099148,0.0
59104.676757216126,-0.3860917905298794,0.0
59104.683701746544,-1.1540188139695637,0.0
59104.69064627702,-0.5458863351989138,0.0
59104.69759080743,-0.22990777914072358,0.0
59104.70453533779,-1.1552194103896807,0.0
59104.7114798682,-0.40324719238160384,0.0
59104.71842439856,0.32753806443075173,0.0
59104.72536892892,-0.7794791946924844,0.0
59104.73231345927,-0.09367472885718467,0.0
59104.739257989575,0.5446075482931491,0.0
59104.74620251988,0.15545626148496516,0.0
59104.75314705017,1.0495722452457557,0.0
59104.76009158047,-0.8831238054794656,0.0
59104.767036110716,0.5132820909129723,0.0
59104.77398064095,-2.6004837383950234,0.0
59104.780925171195,0.5741842196402986,0.0
59104.78786970138,-1.1532541100453009,0.0
59104.79481423156,-0.12316742470296227,0.0
59104.80175876174,0.9437768285707174,0.0
59104.80870329192,-0.35872387473617184,0.0
59104.815647822106,-0.2759034403295244,0.0
59104.82259235223,-1.3677489474075721,0.0
59104.82953688235,-0.20492461207249693,0.0
59104.83648141242,0.7471573570303423,0.0
59104.84342594255,-1.4731504630470122,0.0
59104.85037047261,-1.2644265819193488,0.0
59104.85731500268,0.9236975553173449,0.0
59104.86425953269,-0.43048878907567356,0.0
59104.87120406275,-0.9679570725407488,0.0
59104.87814859276,-2.4161242694484617,0.0
59104.885093122706,0.3928225209296315,0.0
59104.89203765272,-0.5608428898904623,0.0
59104.89898218267,-0.21066180983734212,0.0
59104.905926712614,0.39335775322306615,0.0
59104.912871242566,-0.43839549377362297,0.0
59104.91981577252,0.2760063584029854,0.0
59104.926760302405,-0.4162369935539554,0.0
59104.9337048323,0.8705583319934924,0.0
59104.940649362194,0.8277565282604251,0.0
59104.94759389202,-0.603606803144625,0.0
59104.95453842186,-0.651182970349735,0.0
59104.96148295169,1.6230970380482297,0.0
59104.96842748152,-0.21517856471692592,0.0
59104.9753720113,0.22393776734547344,0.0
59104.98231654113,0.19313922757260482,0.0
59104.98926107091,-0.7251128100210975,0.0
59104.996205600626,-1.493806483431554,0.0
59105.0031501304,0.7678849582647534,0.0
59105.010094660116,-1.5751366055609741,0.0
59105.01703918983,-0.292690545463255,0.0
59105.02398371955,-1.4594665617387237,0.0
59105.03092824921,0.577215428448273,0.0
59105.03787277887,-2.2154153220214274,0.0
59105.044817308524,-1.5372556981382748,0.0
59105.051761838185,-0.8595699884422378,0.0
59105.05870636778,-0.03588638174443348,0.0
59105.065650897384,0.47918631571569104,0.0
59105.07259542699,-0.1731759476090149,0.0
59105.07953995658,-0.8920642040283278,0.0
59105.08648448613,-1.4605315483014167,0.0
59105.09342901567,-0.03897583622414519,0.0
59105.10037354521,-0.9719404722558691,0.0
59105.107318074755,0.25038388081800017,0.0
59105.114262604235,-0.004872672196456228,0.0
59105.12120713378,1.1817825782692046,0.0
59105.128151663266,0.11304729107174427,0.0
59105.13509619269,-1.1491598274227457,0.0
59105.142040722174,-0.999163900793202,0.0
59105.1489852516,-3.070576076396364,0.0
59105.15592978102,0.19917376313247326,0.0
59105.162874310394,-0.5086379181112477,0.0
59105.16981883982,-1.4831425470666875,0.0
59105.176763369185,1.4038876647812435,0.0
59105.183707898555,-0.9181394878850742,0.0
59105.19065242792,0.8035774992368019,0.0
59105.19759695723,-0.004777919413768317,0.0
59105.20454148654,0.063764794672869,0.0
59105.21148601585,1.1865252243319784,0.0
59105.21843054516,0.12397813809830249,0.0
59105.22537507447,-0.20798815165317053,0.0
59105.23231960372,-0.07383627764659156,0.0
59105.23926413297,-0.9576768908936732,0.0
59105.246208662225,0.6379813386627073,0.0
59105.253153191414,-1.056212212516216,0.0
59105.26009772067,-0.2668918072970021,0.0
59105.26704224986,-1.015285408447311,0.0
59105.27398677899,-0.7360769537697609,0.0
59105.28093130819,0.08670275713040923,0.0
59105.287875837326,-0.05932983825416316,0.0
59105.29482036646,-0.5627637975108866,0.0
59105.301764895594,-0.2721172888811622,0.0
59105.308709424724,-0.018039107830476964,0.0
59105.3156539538,0.040517882484340795,0.0
59105.32259848288,0.3260545457393398,0.0
59105.329543011954,-0.23660641929167742,0.0
59105.33648754103,0.14631222100624386,0.0
59105.343432070054,-0.18782820430253844,0.0
59105.350376599126,-0.03129755594163641,0.0
59105.35732112809,-0.9534801449270924,0.0
59105.3642656571,0.6962511621175603,0.0
59105.371210186124,-0.14772638665512866,0.0
59105.37815471509,1.4348965510364942,0.0
59105.38509924404,0.34468628581961147,0.0
59105.392043773005,0.5147448102674215,0.0
59105.39898830191,-0.1458404382696119,0.0
59105.405932830865,0.5486485494745648,0.0
59105.41287735977,-2.076362397643882,0.0
59105.419821888616,1.6691446413581856,0.0
59105.42676641751,0.4083772676906028,0.0
59105.43371094636,-0.05314022899820109,0.0
59105.440655475264,-1.7685738074120447,0.0
59105.447600004045,-0.5736858700916835,0.0
59105.45454453289,-0.8404825101553457,0.0
59105.46148906174,-0.08931477770736629,0.0
59105.46843359052,-1.0989086109552166,0.0
59105.47537811931,-1.48283810749887,0.0
59105.48232264809,0.030075140204362638,0.0
59105.48926717682,-2.086931491855209,0.0
59105.49621170555,-1.0290237895751821,0.0
59105.50315623427,0.6649884496028147,0.0
59105.510100763,-1.9423604161252643,0.0
59105.51704529172,-0.35576992531223045,0.0
59105.523989820394,1.6907590095143785,0.0
59105.530934349066,-0.019872282709868128,0.0
59105.53787887773,-0.5770730838318272,0.0
59105.5448234064,-0.37900152782707214,0.0
59105.551767935016,-0.11683342548422715,0.0
59105.55871246368,-0.43958748635380374,0.0
59105.565656992294,-0.9631812485226333,0.0
59105.57260152085,1.6769825456266838,0.0
59105.579546049456,0.24943315916291833,0.0
59105.58649057801,-2.009401832360526,0.0
59105.593435106566,-1.212324964546055,0.0
59105.600379635114,-1.2479722659674142,0.0
59105.60732416367,-1.9514208131309483,0.0
59105.61426869217,0.8031193438135922,0.0
59105.621213220715,0.10532469939029923,0.0
59105.62815774921,-0.25096403750088825,0.0
59105.63510227765,0.7824770590746747,0.0
59105.64204680614,-0.7004425058948662,0.0
59105.64899133458,-1.1334276361142148,0.0
59105.65593586302,-0.3722663298255951,0.0
59105.66288039145,-2.231696951386736,0.0
59105.66982491989,-1.2294510032942978,0.0
59105.67676944826,-0.08151528536552988,0.0
59105.68371397664,-1.1126275982455078,0.0
59105.690658505024,-0.7054073412070005,0.0
59105.6976030334,-0.4375730097010496,0.0
59105.70454756178,0.7608550119886084,0.0
59105.71149209009,-0.3903565684342735,0.0
59105.718436618416,1.131119103709639,0.0
59105.72538114674,0.8627936539335237,0.0
59105.73232567505,1.4812532442512691,0.0
59105.73927020332,-1.5705050287338513,0.0
59105.74621473158,-1.2240404564377412,0.0
59105.75315925984,0.1901067050968227,0.0
59105.7601037881,1.984430521625981,0.0
59105.76704831637,-0.07215623074586752,0.0
59105.773992844566,-0.43295591575332504,0.0
59105.78093737277,0.28203107074778455,0.0
59105.78788190098,-2.2663982581268347,0.0
59105.79482642918,-0.008022559417511954,0.0
59105.801770957325,1.6480884990204498,0.0
59105.80871548547,0.4278065666783465,0.0
59105.81566001361,-1.862674936839626,0.0
59105.82260454176,-0.7610096017397628,0.0
59105.82954906991,0.18572838167690986,0.0
59105.83649359799,0.1250984330543019,0.0
59105.84343812608,-2.232480031558594,0.0
59105.850382654164,-0.39821508162325003,0.0
59105.85732718225,-1.1898642627657223,0.0
59105.864271710285,-1.3821358366343603,0.0
59105.87121623837,-1.031902369769702,0.0
59105.8781607664,1.038613173670591,0.0
59105.88510529443,-0.32901253573047773,0.0
59105.892049822396,-0.5427673050051203,0.0
59105.89899435043,0.5405250486730446,0.0
59105.9059388784,-0.32925055850814466,0.0
59105.91288340637,-2.1548560193118393,0.0
59105.91982793434,-1.514018872683574,0.0
59105.92677246225,-0.5667060188649331,0.0
59105.93371699022,-1.4277990531724096,0.0
59105.940661518136,-0.3418848813900302,0.0
59105.947606046044,-0.628796318796216,0.0
59105.9545505739,0.3138735163534021,0.0
59105.961495101816,-0.4552711520488322,0.0
59105.968439629665,1.4915619302341068,0.0
59105.97538415752,0.06225313408788624,0.0
59105.98232868538,-0.045544605487059686,0.0
59105.98927321323,-1.3150420329743053,0.0
59105.99621774103,0.5991013854452691,0.0
59106.003162268884,-1.254563162207846,0.0
59106.010106796675,-0.11428948043223108,0.0
59106.017051324416,0.5950670402783667,0.0
59106.023995852214,-1.1238455336076503,0.0
59106.03094037995,0.136966734088528,0.0
59106.037884907746,-1.0419918100063492,0.0
59106.04482943548,-4.07456740180349,0.0
59106.05177396316,-0.5265771458677646,0.0
59106.0587184909,-0.4408042837745916,0.0
59106.06566301858,0.9125262160347972,0.0
59106.07260754626,-0.6551672871975807,0.0
59106.07955207394,-1.2945117701836912,0.0
59106.086496601616,0.7685046414756391,0.0
59106.0934411293,0.2522218206791791,0.0
59106.100385656915,0.025512007763583644,0.0
59106.10733018454,-0.03929972278985033,0.0
59106.11427471216,-0.40383328380874683,0.0
59106.12121923978,-1.3547461984537088,0.0
59106.128163767346,-2.0892209006645874,0.0
59106.13510829491,0.851008955254025,0.0
59106.14205282247,-0.3553271728282135,0.0
59106.148997350036,-1.496058787840604,0.0
59106.1559418776,-1.5986412132396806,0.0
59106.1628864051,-1.902597503091218,0.0
59106.16983093267,-0.7568731036602521,0.0
59106.176775460175,-0.17951776257685192,0.0
59106.183719987675,1.0326440455525785,0.0
59106.190664515125,-2.2026988955664573,0.0
59106.19760904263,-0.22915063337591246,0.0
59106.204553570074,-1.1907893200504196,0.0
59106.211498097524,0.2513547539286004,0.0
59106.21844262497,-0.49406203380654423,0.0
59106.22538715236,1.3561080485700825,0.0
59106.23233167981,0.49992999799237214,0.0
59106.2392762072,-1.9772343865666397,0.0
59106.24622073458,0.2501108787333755,0.0
59106.25316526197,-0.20937423223569007,0.0
59106.2601097893,0.11816116273657523,0.0
59106.26705431669,-0.9098573838477426,0.0
59106.27399884402,-0.6382768134703944,0.0
59106.28094337135,-1.185242668079868,0.0
59106.28788789862,0.716765644941456,0.0
59106.29483242595,-0.06283930248269304,0.0
59106.30177695322,1.1992942376890336,0.0
59106.30872148056,-0.7087848876115854,0.0
59106.315666007824,-0.6965031195834678,0.0
59106.32261053504,1.5534516716765239,0.0
59106.329555062315,-0.9768522282126697,0.0
59106.33649958953,-1.6110359152027,0.0
59106.34344411674,0.26783215637239033,0.0
59106.35038864396,-1.413719984875613,0.0
59106.35733317117,1.2196840177110266,0.0
59106.36427769838,0.27604054609035666,0.0
59106.37122222554,0.2648719822102883,0.0
59106.37816675269,0.35004876396695206,0.0
59106.38511127985,0.4454408105226977,0.0
59106.39205580701,0.4645827475917008,0.0
59106.3990003341,0.6412284984551346,0.0
59106.40594486126,-1.501355871827793,0.0
59106.41288938836,-2.6803759600755708,0.0
59106.41983391545,-1.501019103318477,0.0
59106.426778442554,-0.6523137019750093,0.0
59106.433722969596,0.8269460461471125,0.0
59106.44066749669,0.7863012678936038,0.0
59106.44761202373,0.4002536830586022,0.0
59106.454556550765,-0.719640210089082,0.0
59106.46150107775,-0.4275587525747389,0.0
59106.46844560479,-0.10561546127723909,0.0
59106.47539013177,-0.9908961757364948,0.0
59106.48233465875,0.4508401341791304,0.0
59106.489279185735,1.1262778646019642,0.0
59106.49622371271,-0.9258201350801756,0.0
59106.503168239695,-1.2251312016784863,0.0
59106.51011276662,-0.9954901679207915,0.0
59106.51705729354,0.09238448602269028,0.0
59106.524001820464,-0.6570648997248958,0.0
59106.53094634738,-0.941607881291844,0.0
59106.53789087431,1.4158336507266247,0.0
59106.544835401175,-0.7942326924562073,0.0
59106.551779928035,-0.5983058888339713,0.0
59106.5587244549,-1.2875841480000814,0.0
59106.56566898177,-1.5770790517427322,0.0
59106.57261350863,-1.3012512649650407,0.0
59106.57955803544,-1.500718489318193,0.0
59106.58650256225,0.20252460317640608,0.0
59106.59344708905,0.4766136308136335,0.0
59106.60039161586,-0.22871856701408494,0.0
59106.60733614267,-0.10516499171566993,0.0
59106.61428066941,-2.2888931659682297,0.0
59106.62122519616,0.5452796534513713,0.0
59106.62816972291,-0.4281962707584489,0.0
59106.63511424966,1.903916710981337,0.0
59106.64205877641,-2.7512221605310616,0.0
59106.64900330309,0.022952989239172578,0.0
59106.655947829844,-0.18553103153789668,0.0
59106.66289235654,1.3055784670061088,0.0
59106.66983688323,-0.03303165718367984,0.0
59106.67678140986,-0.6733294487786555,0.0
59106.68372593655,-1.2070852175230697,0.0
59106.69067046318,-1.6536841115844154,0.0
59106.69761498981,-0.6046032191397992,0.0
59106.704559516445,-0.01358921317703432,0.0
59106.71150404307,-2.201310826667144,0.0
59106.71844856965,0.2518395562978771,0.0
59106.72539309628,0.8384273574578244,0.0
59106.73233762285,0.5703240653166399,0.0
59106.73928214943,-1.5045163827687422,0.0
59106.746226676,-0.7622940413343022,0.0
59106.753171202516,-2.179268113710365,0.0
59106.760115729034,-0.8765300022334942,0.0
59106.76706025561,1.0220676472215284,0.0
59106.77400478212,0.9717001283956581,0.0
59106.78094930858,-0.4558487382612634,0.0
59106.78789383509,-0.8110230398958448,0.0
59106.79483836155,-0.3060517531099798,0.0
59106.80178288807,0.15064779834438058,0.0
59106.80872741452,-1.0885773884280854,0.0
59106.81567194098,0.14158835658613453,0.0
59106.82261646738,-1.2960970908558824,0.0
59106.829560993836,0.26937911903215095,0.0
59106.83650552024,0.7426042519515135,0.0
59106.84345004664,0.5996765522810575,0.0
59106.85039457303,-0.8740046417141518,0.0
59106.857339099435,-1.0673499540043359,0.0
59106.86428362578,1.3181843568578941,0.0
59106.871228152115,-0.12319464036740968,0.0
59106.87817267846,0.1765934930360673,0.0
59106.8851172048,-0.9106256172365605,0.0
59106.89206173114,0.23172221005831706,0.0
59106.89900625748,-0.9113150153107235,0.0
59106.90595078376,-1.4001147704871206,0.0
59106.912895310044,-0.1775069555689085,0.0
59106.91983983633,-1.0487374945185532,0.0
59106.92678436261,-1.7602969750514412,0.0
59106.93372888889,0.11334514356584496,0.0
59106.94067341512,-0.24415812739810924,0.0
59106.94761794134,-1.7827616323093565,0.0
59106.95456246757,0.35841123122628393,0.0
59106.96150699379,-1.5979522093689023,0.0
59106.96845152001,-1.9836313285704734,0.0
59106.97539604618,-1.9054582539840466,0.0
59106.98234057241,-0.9673633030387621,0.0
59106.98928509857,-0.5454385588411934,0.0
59106.99622962474,1.7838730717531743,0.0
59107.00317415084,-1.4765420155615094,0.0
59107.01011867701,-1.0585387417137826,0.0
59107.01706320312,0.16153006717176,0.0
59107.024007729226,-0.6288031719429761,0.0
59107.030952255336,-0.3416276704315495,0.0
59107.03789678145,-1.0544861924911413,0.0
59107.04484130755,0.16494658445264415,0.0
59107.0517858336,-0.0035909894547122567,0.0
59107.058730359655,0.08960098638794811,0.0
59107.0656748857,0.824545344019493,0.0
59107.07261941175,-0.7637875051602655,0.0
59107.079563937805,0.06259800319036393,0.0
59107.08650846379,2.2832977464301814,0.0
59107.093452989786,0.11674101022499983,0.0
59107.10039751584,-1.8304663465696362,0.0
59107.10734204177,-2.1791003115583134,0.0
59107.11428656776,-0.38554168957355517,0.0
59107.121231093755,0.08578609896743261,0.0
59107.128175619684,0.26102813418725257,0.0
59107.13512014562,-0.8493611169142219,0.0
59107.142064671556,-1.1200219706128485,0.0
59107.149009197485,-1.5934250390250693,0.0
59107.15595372342,-1.8223323237272089,0.0
59107.1628982493,-1.6868177780965907,0.0
59107.16984277517,1.0309948987879198,0.0
59107.17678730105,-1.1722730090994153,0.0
59107.18373182692,0.6036252239871871,0.0
59107.190676352795,-1.104818201009282,0.0
59107.197620878615,0.10029015276143449,0.0
59107.204565404485,-0.2808367064097906,0.0
59107.211509930305,-0.7522050864199044,0.0
59107.218454456124,-0.650757241482697,0.0
59107.22539898188,0.46839712260457644,0.0
59107.2323435077,0.6676558324654998,0.0
59107.23928803346,-2.7912833995011965,0.0
59107.24623255921,-0.2601501778032567,0.0
59107.253177084975,-0.16886062287809717,0.0
59107.26012161073,-0.8314209175077515,0.0
59107.26706613649,-1.1983631825497223,0.0
59107.27401066219,0.35180412486230006,0.0
59107.28095518795,-1.0525163134499353,0.0
59107.28789971365,-1.8347575624401882,0.0
59107.29484423935,1.8907993917682089,0.0
59107.30178876499,0.07562758445192308,0.0
59107.308733290694,-0.7709389279303624,0.0
59107.31567781634,-0.0834981543144222,0.0
59107.32262234198,-1.1659956439213275,0.0
59107.32956686762,-0.05771784777066419,0.0
59107.33651139327,-2.1129334980365435,0.0
59107.343455918905,-1.0474660276826129,0.0
59107.35040044449,1.0978450747193857,0.0
59107.35734497008,-0.7429668301657164,0.0
59107.36428949566,-1.8021839909668973,0.0
59107.371234021244,-1.6593480411039077,0.0
59107.37817854683,0.2543568968845929,0.0
59107.38512309843,-0.8403021898616232,0.0
59107.39206762396,-1.1208090961141406,0.0
59107.399012149544,-0.3649168029146832,0.0
59107.40595667501,0.2910329662499106,0.0
59107.412901200536,0.43750162987395047,0.0
59107.41984572606,0.9248291539646806,0.0
59107.42679025153,-1.2246697491124237,0.0
59107.433734777,0.9421693536815623,0.0
59107.44067930246,-0.9057822320964906,0.0
59107.44762382793,-2.2796118276030475,0.0
59107.4545683534,-1.4361228180492116,0.0
59107.461512878814,0.45522405914695574,0.0
59107.46845740428,0.48496231249334953,0.0
59107.47540192969,1.2145781451113686,0.0
59107.482346455094,0.18863395993074994,0.0
59107.489290980506,0.05302616866253701,0.0
59107.49623550586,0.8670488996025578,0.0
59107.503180031264,-1.6311354057600032,0.0
59107.51012455662,-0.41185722117524,0.0
59107.517069081965,-0.7638105805114757,0.0
59107.52401360732,-1.3298261341176274,0.0
59107.530958132615,-0.737146382628225,0.0
59107.53790265797,-0.6485570566749956,0.0
59107.54484718326,-0.28604161193413086,0.0
59107.55179170855,-1.3689796667737602,0.0
59107.55873623384,0.5594082883845806,0.0
59107.56568075914,-0.6555574501261054,0.0
59107.572625284374,-1.9404188213428917,0.0
59107.57956980966,-2.446929391052416,0.0
59107.5865143349,-1.1668467225022687,0.0
59107.59345886014,0.19973185660166828,0.0
59107.60040338537,-0.43992994766255367,0.0
59107.60734791055,-0.8158743441481908,0.0
59107.614292435785,-2.765447924982811,0.0
59107.62123696096,-1.2826518440623864,0.0
59107.628181486136,-1.64400229588933,0.0
59107.635126011315,0.13679482538347537,0.0
59107.64207053649,1.4750348416648156,0.0
59107.64901506161,-0.9495658156100941,0.0
59107.65595958679,-0.16819482145599562,0.0
59107.6629041119,0.0,0.0
59107.66984863702,-0.01822904960056332,0.0
59107.67679316214,-0.7047136224081665,0.0
59107.6837376872,-1.5774603653022563,0.0
59107.69068221232,1.2592594790176503,0.0
59107.69762673738,-1.9162161233273434,0.0
59107.70457126244,0.3931981742051603,0.0
59107.7115157875,-0.38173144134000037,0.0
59107.718460312564,-2.458700919298767,0.0
59107.72540483762,1.089818359719237,0.0
59107.732349362625,-0.7402676170912099,0.0
59107.73929388763,-0.26850506045594674,0.0
59107.74623841263,-1.9556078623024395,0.0
59107.75318293763,1.1441753630686233,0.0
59107.760127462636,-0.46017156356564753,0.0
59107.767071987575,-0.7796700989636118,0.0
59107.77401651252,0.7707797291950897,0.0
59107.78096103746,-1.9449575976133857,0.0
59107.78790556241,-2.1343525593884864,0.0
59107.79485008735,-0.09978963136958374,0.0
59107.80179461229,-1.1515297809107294,0.0
59107.80873913718,-1.8232377438551695,0.0
59107.81568366207,-0.9838393393992789,0.0
59107.82262818695,1.1791399745348266,0.0
59107.82957271184,-1.9662921618344595,0.0
59107.83651723673,-0.25568089660181575,0.0
59107.84346176155,-0.3008199971585403,0.0
59107.85040628638,0.12568563163229585,0.0
59107.85735081127,-1.1756446685624686,0.0
59107.86429533603,-0.3895087053963101,0.0
59107.87123986086,-1.0716499425049821,0.0
59107.878184385685,-1.2837740793189685,0.0
59107.88512891046,-1.3363899492770805,0.0
59107.89207343523,-1.541933517129952,0.0
59107.89901795999,-0.268747209325938,0.0
59107.905962484765,-0.6757802888898494,0.0
59107.91290700954,-0.5677988636437833,0.0
59107.91985153424,-1.0863062100136767,0.0
59107.926796059015,-1.7767328607813053,0.0
59107.93374058373,-0.6508152152550007,0.0
59107.940685108435,0.5870823598363255,0.0
59107.94762963309,-1.1907292708931738,0.0
59107.954574157804,-1.6369528573850096,0.0
59107.96151868245,-0.726704236690427,0.0
59107.99624130572,1.8258576023747564,0.0
59108.00318583031,-0.28828499807091645,0.0
59108.01013035491,-0.44512596137126526,0.0
59108.017074879506,-1.199936059085933,0.0
59108.024019404096,-3.4815739242475225,0.0
59108.030963928635,-0.522266368220071,0.0
59108.03790845323,-0.28252007519702405,0.0
59108.044852977764,-1.791145968452122,0.0
59108.0517975023,0.4974964779385344,0.0
59108.058742026835,-0.2809708118987657,0.0
59108.065686551374,-0.3434360796467668,0.0
59108.072631075855,-0.8612602871633196,0.0
59108.079575600335,-0.6744689739849843,0.0
59108.08652012487,0.15404518339201123,0.0
59108.09346464929,1.6116438762382082,0.0
59108.10040917377,-1.5162681745232636,0.0
59108.107353698244,-2.210276124262884,0.0
59108.11429822267,-0.4124174844637286,0.0
59108.12124274708,-1.9689417003007539,0.0
59108.12818727156,0.3204575230811114,0.0
59108.13513179593,0.04793368668065173,0.0
59108.14207632034,-0.4617606761661906,0.0
59108.149020844765,0.1773011000771033,0.0
59108.15596536913,-1.0929650773751705,0.0
59108.162909893486,-0.6307516543566478,0.0
59108.16985441785,0.1897525626418085,0.0
59108.176798942215,1.0893482831601278,0.0
59108.183743466514,-0.9166768099864606,0.0
59108.19068799088,1.3986849772354228,0.0
59108.197632515185,1.638777765263765,0.0
59108.20457703948,0.21287160740236222,0.0
59108.21152156379,0.4803480049478359,0.0
59108.218466088096,-0.48474904603895475,0.0
59108.22541061234,0.3238607495477973,0.0
59108.232355136584,-0.7648962836160744,0.0
59108.23929966088,-0.34703981606324574,0.0
59108.24624418513,-0.9029314663722814,0.0
59108.25318870932,-1.4100991831622929,0.0
59108.26013323356,-0.48284298772012496,0.0
59108.26707775775,0.6378551292751713,0.0
59108.274022282,0.3796411991545613,0.0
59108.28096680618,-1.371420872210122,0.0
59108.28791133037,0.6942529431395379,0.0
59108.2948558545,-1.0866511787236928,0.0
59108.301800378686,-0.8195481862929919,0.0
59108.30874490282,0.9257156938733432,0.0
59108.31568942695,-0.821772240376374,0.0
59108.32263395107,2.386160676445129,0.0
59108.329578475204,0.006909680320237865,0.0
59108.336522999336,0.15525420790471456,0.0
59108.3434675234,0.3828285376849338,0.0
59108.350412047475,-1.1425831433526075,0.0
59108.35735657155,-0.725481679105644,0.0
59108.364301095615,3.250781981501088,1.0
59108.37124561969,34.719235789014974,1.0
59108.37819014376,56.328983658398734,1.0
59108.38513466777,29.261385988013924,1.0
59108.392079191784,14.49484118717167,1.0
59108.3990237158,13.052472791528466,1.0
59108.40596823981,12.150489623397059,1.0
59108.412912763764,5.62216359471112,1.0
59108.41985728778,3.8593063853223506,1.0
59108.42680181173,2.3445063923365494,1.0
59108.433746335686,7.264031915440097,1.0
59108.44069085964,2.729131363928274,0.0
59108.44763538359,1.4185749486042982,0.0
59108.45457990749,2.507192998199489,0.0
59108.46152443145,1.4559954928849417,0.0
59108.46846895534,0.14500176069339216,0.0
59108.47541347924,1.235644193290973,0.0
59108.48235800308,0.3598468943136234,0.0
59108.48930252697,-0.45688582722083976,0.0
59108.49624705081,1.4149450067768798,0.0
59108.50319157471,3.0961868129097665,0.0
59108.51013609854,0.8316440094491394,0.0
59108.51708062238,0.46918939782445324,0.0
59108.52402514616,-0.30124815485572815,0.0
59108.53096967,3.0942836797672104,0.0
59108.53791419378,-0.6673838645813828,0.0
59108.544858717556,0.6744315656466593,0.0
59108.55180324134,1.1655183038576487,0.0
59108.55874776512,1.6877378602646091,0.0
59108.565692288896,-0.3913805894842646,0.0
59108.57263681262,-0.017398289293120983,0.0
59108.579581336344,0.6050871732928811,0.0
59108.58652586006,1.0879946474421915,0.0
59108.593470383785,1.2207662562865558,0.0
59108.60041490751,1.3493527502213103,0.0
59108.60735943117,-1.9149450770045102,0.0
59108.61430395489,1.5675438987622694,0.0
59108.62124847855,0.9550918747496845,0.0
59108.628193002216,1.291327858832219,0.0
59108.63513752588,-1.1042437278889663,0.0
59108.64208204948,0.19736563796273637,0.0
59108.64902657315,0.5682922034885326,0.0
59108.655971096756,0.5313511673130874,0.0
59108.662915620356,-0.45135003538632223,0.0
59108.669860143964,-0.16523124065622424,0.0
59108.67680466751,0.5303753875470909,0.0
59108.683749191114,1.038908753185122,0.0
59108.69069371466,0.8031632915187724,0.0
59108.69763823821,-1.8758591022174549,0.0
59108.704582761755,1.7635396371782,0.0
59108.711527285304,0.2685222182514814,0.0
59108.718471808796,-1.4788608688901732,0.0
59108.72541633234,1.77618004110075,0.0
59108.73236085583,-1.3164355659129792,0.0
59108.73930537932,-0.00680007219302102,0.0
59108.746249902804,-2.878185592209254,0.0
59108.75319442624,-0.14362335939682946,0.0
59108.76013894973,0.47574779078066287,0.0
59108.767083473154,-0.37690409182717854,0.0
59108.77402799659,1.7499526507533865,0.0
59108.78097252002,-0.574616298901826,0.0
59108.787917043446,0.7758451671737683,0.0
59108.79486156682,-0.08933117543409375,0.0
59108.801806090254,-1.1602945224666132,0.0
59108.80875061362,0.08459093098667247,0.0
59108.815695137,1.5842915217206333,0.0
59108.82263966037,0.18036404805067374,0.0
59108.82958418368,-3.067124792383297,0.0
59108.836528707056,0.43398154225796615,0.0
59108.84347323037,0.27182670816871585,0.0
59108.85041775368,1.0615980726149479,0.0
59108.857362277,-0.32119135185791214,0.0
59108.86430680026,0.6666774581598613,0.0
59108.871251323566,-1.574920288493308,0.0
59108.878195846824,0.6056583178087445,0.0
59108.88514037008,-1.5691739408432055,0.0
59108.892084893334,1.0364198795916437,0.0
59108.89902941659,-0.515777800953005,0.0
59108.90597393984,0.4347071525272429,0.0
59108.912918463044,-0.636324717756789,0.0
59108.919862986244,0.18060579010397865,0.0
59108.926807509444,0.38226914121384564,0.0
59108.93375203264,-0.9786488156471298,0.0
59108.94069655584,-0.5216452018385648,0.0
59108.94764107898,0.25336765070364875,0.0
59108.954585602114,-0.8812882379748037,0.0
59108.961530125256,0.5315117913242232,0.0
59108.96847464839,-0.008068568957365407,0.0
59108.97541917153,0.5281535338487883,0.0
59108.98236369462,0.9633401736156295,0.0
59108.98930821775,-1.249923586307081,0.0
59108.996252740835,-0.07348720267229747,0.0
59109.00319726392,-0.21010928494426384,0.0
59109.010141786996,0.8518788768662563,0.0
59109.01708631002,1.5540899441142277,0.0
59109.024030833105,-0.38384631908273914,0.0
59109.03097535612,0.594312442154184,0.0
59109.03791987915,-2.190480305604872,0.0
59109.044864402174,1.2637515702798507,0.0
59109.051808925135,0.40659064989405613,0.0
59109.05875344816,0.6302997167036316,0.0
59109.06569797113,1.5808100081342389,0.0
59109.07264249409,-0.1797589036274212,0.0
59109.079587017055,-0.12443209743001882,0.0
59109.08653154002,2.948347506994817,0.0
59109.093476062924,-0.6190950594217532,0.0
59109.10042058583,-0.1290015901061774,0.0
59109.1073651088,-0.31672663689178826,0.0
59109.114309631645,-0.27143052064308315,0.0
59109.121254154554,-0.6947733885966674,0.0
59109.12819867746,1.9831982483323563,0.0
59109.13514320031,2.104065070773003,0.0
59109.14208772316,-2.0595224759874395,0.0
59109.14903224601,0.9315737153697743,0.0
59109.15597676885,0.14304954926155622,0.0
59109.1629212917,0.5509131845267006,0.0
59109.16986581449,-0.06973278449146614,0.0
59109.17681033728,-0.7409915257815083,0.0
59109.183754860074,1.5558517797181723,0.0
59109.19069938287,0.40042074148523454,0.0
59109.19764390565,0.5019456301182954,0.0
59109.20458842839,0.7500400394998339,0.0
59109.21153295117,2.0340516096471255,0.0
59109.21847747391,-0.9103437749131968,0.0
59109.22542199664,-0.6185441693362748,0.0
59109.23236651931,-0.4468805685730848,0.0
59109.239311042045,-0.053961042053593644,0.0
59109.24625556472,-0.17651731910502377,0.0
59109.25320008739,-1.0132068237903429,0.0
59109.26014461007,0.33159457501127854,0.0
59109.26708913274,0.3246769719243403,0.0
59109.27403365541,-1.0524078137552557,0.0
59109.28097817803,-0.4565598204933412,0.0
59109.28792270065,0.5701320264457852,0.0
59109.29486722326,-0.8032639807390396,0.0
59109.30181174588,1.6785152065465194,0.0
59109.308756268496,-0.14298192050649483,0.0
59109.31570079105,1.2310712647102697,0.0
59109.32264531361,-1.7091311720511513,0.0
59109.32958983617,0.7160346635940087,0.0
59109.33653435872,-3.042584219910804,0.0
59109.34347888128,0.25322682407392527,0.0
59109.35042340378,-2.9028635679917354,0.0
59109.357367926335,-0.6446982236641681,0.0
59109.36431244884,0.44972961936272426,0.0
59109.37125697128,1.145716231892047,0.0
59109.378201493775,-1.4406993847194443,0.0
59109.38514601628,0.393326018111285,0.0
59109.39209053872,1.166562380831376,0.0
59109.39903506116,0.3517051215088145,0.0
59109.4059795836,-0.7548955030904132,0.0
59109.412924106044,1.2996883625410263,0.0
59109.41986862842,0.6287682519999862,0.0
59109.426813150865,0.08611368655263263,0.0
59109.43375767325,1.6722000527391856,0.0
59109.44070219563,1.0509788755466083,0.0
59109.447646717956,-0.5916924038784295,0.0
59109.45459124034,0.7351723521011664,0.0
59109.46153576266,1.7432613317234456,0.0
59109.46848028499,-0.35784331924555346,0.0
59109.475424807315,-0.8560966525937204,0.0
59109.482369329635,0.7564081761816119,0.0
59109.48931385196,-1.3939499548769128,0.0
59109.49625837423,0.5564073704582917,0.0
59109.50320289649,-0.8327044344947723,0.0
59109.51014741876,0.9671562792106201,0.0
59109.51709194103,0.04705539858958829,0.0
59109.52403646329,1.2406124470764723,0.0
59109.5309809855,0.8042193614224473,0.0
59109.53792550771,1.1350129914632632,0.0
59109.54487002992,-0.21237759728439087,0.0
59109.55181455213,0.6694404652137109,0.0
59109.55875907433,-0.6176035533351865,0.0
59109.56570359648,0.7418725664942443,0.0
59109.572648118636,0.3545241831185564,0.0
59109.57959264079,0.5192126834625235,0.0
59109.58653716293,-0.7259290075740878,0.0
59109.593481685086,1.583651617163376,0.0
59109.60042620717,0.5023787329577054,0.0
59109.607370729325,-1.586136298236049,0.0
59109.61431525142,-1.3901279423829571,0.0
59109.62125977345,-0.2760592137332871,0.0
59109.62820429554,-0.7710467317419685,0.0
59109.63514881758,0.2863156098942028,0.0
59109.64209333967,0.5856452220847856,0.0
59109.6490378617,1.0945641586429034,0.0
59109.65598238374,1.7488394400120626,0.0
59109.66292690571,0.9625916294083154,0.0
59109.669871427745,-1.8483735417627685,0.0
59109.67681594972,0.3206886883364817,0.0
59109.68376047169,-0.3374992530429779,0.0
59109.69070499367,-1.1190234781634771,0.0
59109.69764951565,0.6907469550285583,0.0
59109.70459403757,0.8352023141086491,0.0
59109.71153855948,-0.2862302505573595,0.0
59109.7184830814,0.4038441590399131,0.0
59109.72542760332,0.45129474188311747,0.0
59109.73237212523,-1.9025112655146188,0.0
59109.739316647094,0.022566970915214313,0.0
59109.746261169006,-1.376596879286467,0.0
59109.75320569087,0.029789340658602725,0.0
59109.76015021267,0.304110129605597,0.0
59109.767094734525,1.150908776925597,0.0
59109.77403925633,0.6911423842733129,0.0
59109.78098377819,0.27292809452998057,0.0
59109.787928299986,-0.367196330935613,0.0
59109.79487282179,-1.7916032046610795,0.0
59109.801817343534,-0.46015916874251417,0.0
59109.80876186533,-1.5935042253732021,0.0
59109.815706387075,1.1138254445179285,0.0
59109.82265090882,-3.4536612636388,0.0
59109.82959543056,-0.8191493227467177,0.0
59109.836539952244,-0.7249631682552788,0.0
59109.84348447399,0.5502404144741817,0.0
59109.85042899567,-0.12556923337132275,0.0
59109.857373517356,-2.3284664874461214,0.0
59109.864318039035,-0.6502403688853562,0.0
59109.871262560664,-0.5460220305285688,0.0
59109.87820708235,-0.23406542396786278,0.0
59109.88515160398,1.3571948192639027,0.0
59109.8920961256,2.583850192789342,0.0
59109.89904064723,-0.16232738025522764,0.0
59109.9059851688,-0.43385003003786693,0.0
59109.91292969042,1.4594256612058913,0.0
59109.91987421199,-1.155517620424746,0.0
59109.92681873356,0.5386199276327943,0.0
59109.933763255125,0.888639152844604,0.0
59109.94070777664,0.19399176605053725,0.0
59109.94765229821,-0.23647845801757228,0.0
59109.95459681971,0.50798392991058,0.0
59109.961541341225,0.6300668391349475,0.0
59109.96848586268,0.9465732112624181,0.0
59109.975430384184,0.3077037692765714,0.0
59109.98237490564,-1.2225295864595225,0.0
59109.98931942709,0.6439784902859103,0.0
59109.99626394854,-0.99931730395285,0.0
59110.00320846999,-2.3150871187097835,0.0
59110.01015299138,0.948040948829842,0.0
59110.017097512835,-0.8591893715649377,0.0
59110.02404203423,-0.6983287148191266,0.0
59110.03098655562,0.23576107067346186,0.0
59110.03793107696,-0.045378159566411114,0.0
59110.04487559835,1.421623141828647,0.0
59110.05182011969,-2.989222202888172,0.0
59110.05876464102,1.7705337746801888,0.0
59110.06570916236,-1.9410754055409427,0.0
59110.07265368363,1.8952407624563676,0.0
59110.07959820497,-1.3915828683038,0.0
59110.08654272625,0.9276111870361916,0.0
59110.09348724752,-0.31000195067940695,0.0
59110.1004317688,-0.3315888329046004,0.0
59110.10737629002,2.09423256142901,0.0
59110.11432081129,-0.039527115966691895,0.0
59110.12126533251,0.8969275242968422,0.0
59110.128209853734,-0.6645047913834219,0.0
59110.135154374955,1.4142495391283916,0.0
59110.14209889611,0.46080853439521263,0.0
59110.149043417274,0.9416716982238142,0.0
59110.15598793844,1.8913963832223004,0.0
59110.16293245959,0.3766027118374353,0.0
59110.169876980755,-0.946753438276815,0.0
59110.17682150185,0.6019714974876393,0.0
59110.183766023016,0.3789162940839219,0.0
59110.19071054412,0.32216890387445574,0.0
59110.19765506516,2.7367380540164845,0.0
59110.204599586265,0.24291327972085242,0.0
59110.21154410731,1.208053306368157,0.0
59110.21848862841,2.718958287696978,0.0
59110.225433149455,-0.10180687263030563,0.0
59110.23237767044,-0.23877516271373622,0.0
59110.23932219148,-0.6424461406417095,0.0
59110.24626671247,0.1754693361006332,0.0
59110.25321123346,0.37807213541573503,0.0
59110.26015575444,1.472401453377671,0.0
59110.26710027543,0.5155517902430518,0.0
59110.27404479636,0.4595005014060689,0.0
59110.28098931728,2.1054883504823323,0.0
59110.28793383821,0.7727156480559927,0.0
59110.29487835914,2.857848290004341,0.0
59110.301822880065,1.1086253479092107,0.0
59110.30876740094,2.093759132783717,0.0
59110.31571192181,-0.5257117863358332,0.0
59110.32265644267,1.8940010279271746,0.0
59110.329600963545,-1.6917795271698708,0.0
59110.33654548436,0.2784658974112591,0.0
59110.34349000522,0.2757540200627721,0.0
59110.35043452604,-0.020491196279831536,0.0
59110.35737904685,-0.12988927879797357,0.0
59110.3643235676,1.3696240834673366,0.0
59110.37126808841,-1.7794977759076283,0.0
59110.37821260917,-0.5307036367501738,0.0
59110.38515712992,0.513271476130059,0.0
59110.39210165067,-0.5422435843631255,0.0
59110.39904617137,-1.3071541858100513,0.0
59110.40599069206,0.5192141278085293,0.0
59110.412935212815,1.7889185166759163,0.0
59110.419879733454,2.5457330642377674,0.0
59110.426824254144,-0.06703445090152516,0.0
59110.43376877478,-2.4651665391483473,0.0
59110.44071329548,0.36020519027123576,0.0
59110.44765781611,2.3275396211093247,0.0
59110.45460233669,-1.061805032246318,0.0
59110.46154685733,-1.3141209167371417,0.0
59110.468491377906,1.7388758065697532,0.0
59110.47543589849,1.6945561972092351,0.0
59110.48238041907,0.49085759102889526,0.0
59110.48932493964,0.2429087801650785,0.0
59110.49626946016,0.30365168815536947,0.0
59110.503213980686,1.3807453435676678,0.0
59110.5101585012,-0.2350880864466376,0.0
59110.517103021724,1.1907589602573125,0.0
59110.52404754225,0.028563939388575932,0.0
59110.530992062704,-0.6415198096417498,0.0
59110.53793658317,1.7039316332563317,0.0
59110.54488110363,0.8043592162942446,0.0
59110.55182562409,0.03525534516276596,0.0
59110.5587701445,0.9844837356102316,0.0
59110.5657146649,1.8226113991552184,0.0
59110.5726591853,1.4615401431627837,0.0
59110.57960370571,0.6522000975551336,0.0
59110.586548226056,0.942680568533038,0.0
59110.593492746455,0.6628294394541401,0.0
59110.6004372668,-0.9877138723763401,0.0
59110.60738178715,3.1922742189099957,0.0
59110.614326307434,2.238654305970164,0.0
59110.62127082772,0.9096545686997078,0.0
59110.62821534807,0.9962764215587487,0.0
59110.635159868354,2.057064068301096,0.0
59110.642104388586,0.9500564361107646,0.0
59110.649048908876,-0.11143333107847297,0.0
59110.6559934291,0.5953196606499018,0.0
59110.66293794933,0.5360996770086317,0.0
59110.66988246956,0.8266039006272463,0.0
59110.67682698973,-2.1684228121114733,0.0
59110.6837715099,0.6545263498529738,0.0
59110.690716030134,2.4942600907561516,0.0
59110.69766055024,-0.5999894566069242,0.0
59110.704605070416,0.4421512071393226,0.0
59110.71154959053,-1.985214991425972,0.0
59110.7184941107,1.2996704824833007,0.0
59110.725438630754,-0.3693855874624351,0.0
59110.73238315087,0.6164979347440072,0.0
59110.73932767098,0.036794982781801794,0.0
59110.746272191034,-0.08621935753253304,0.0
59110.75321671109,1.266445353392885,0.0
59110.76016123114,0.5538214062155037,0.0
59110.76710575114,1.968156911033316,0.0
59110.77405027114,0.6650632416366205,0.0
59110.78099479113,1.9191653809195692,0.0
59110.78793931113,0.17072051303986768,0.0
59110.79488383113,4.076086923877185,0.0
59110.80182835106,0.02979029886481044,0.0
59110.808772871,0.09443286148805896,0.0
59110.81571739094,1.2540023734133428,0.0
59110.822661910875,-0.2628443085604033,0.0
59110.82960643076,-1.758021271373238,0.0
59110.83655095064,1.8927555895597266,0.0
59110.843495470515,3.0770202890614797,0.0
59110.8504399904,1.432545506230312,0.0
59110.85738451022,0.012348000897077327,0.0
59110.8643290301,2.1579480551875347,0.0
59110.87127354992,1.1374582112790026,0.0
59110.87821806969,1.812030010271978,0.0
59110.885162589504,-0.23683344227108877,0.0
59110.89210710927,3.011166863189593,0.0
59110.899051629036,-1.3087698659912554,0.0
59110.905996148795,1.6200319445796294,0.0
59110.9129406685,1.5240733804807511,0.0
59110.91988518827,0.9081060461613331,0.0
59110.92682970797,-0.3862499388139333,0.0
59110.93377422768,0.88700106766202,0.0
59110.940718747326,0.8068305525939207,0.0
59110.94766326703,-1.9927150051339502,0.0
59110.954607786676,-0.520794145163167,0.0
59110.96155230627,0.5668702056990959,0.0
59110.96849682591,-0.1556216731365615,0.0
59110.9754413455,1.39379107418549,0.0
59110.98238586515,0.7933696847165879,0.0
59110.98933038468,0.29592039366797274,0.0
59110.99627490427,0.9044460252498676,0.0
59111.0032194238,-1.1269514231434627,0.0
59111.010163943385,2.4647333685809416,0.0
59111.01710846292,0.18259401678157028,0.0
59111.02405298239,1.0764549145496798,0.0
59111.030997501926,0.09940452562210877,0.0
59111.037942021394,-0.3650093018965026,0.0
59111.04488654087,-0.8449166532279206,0.0
59111.05183106028,1.8727993764225097,0.0
59111.05877557975,3.6283330747274034,0.0
59111.06572009917,-1.6529789255486853,0.0
59111.07266461858,-0.06710926026830893,0.0
59111.079609137996,-0.29100524514579856,0.0
59111.086553657355,-1.7536547085483039,0.0
59111.09349817671,0.8204114933566607,0.0
59111.100442696064,-0.859911408740018,0.0
59111.10738721542,1.3514501950748654,0.0
59111.11433173472,-1.746465446878473,0.0
59111.121276254074,-1.2506291929497961,0.0
59111.128220773375,1.5970357304622953,0.0
59111.13516529261,1.0505069314025592,0.0
59111.14210981191,0.5660682974169868,0.0
59111.14905433115,4.034729160278538,0.0
59111.155998850394,1.370872428646431,0.0
59111.16294336963,2.136705746720369,0.0
59111.16988788881,0.530118612146256,0.0
59111.176832408,4.839770396666339,0.0
59111.18377692717,2.127999789402455,0.0
59111.19072144636,1.6101957016817372,0.0
59111.197665965476,2.1857899417285003,0.0
59111.20461048466,2.7478063131369352,0.0
59111.21155500373,-1.6886044483286353,0.0
59111.21849952285,1.5156669011172743,0.0
59111.22544404197,0.48070280705593094,0.0
59111.23238856104,-0.6034781121104662,0.0
59111.2393330801,1.876588570292502,0.0
59111.24627759911,-1.953348771213512,0.0
59111.253222118175,-1.8476667459166718,0.0
59111.26016663718,-0.9095127159326812,0.0
59111.26711115619,1.4609019177200626,0.0
59111.27405567514,0.46589463490386507,0.0
59111.28100019415,2.4002153492210114,0.0
59111.28794471309,-1.6088647105831622,0.0
59111.29488923204,-1.7331613955992775,0.0
59111.301833750935,0.21249763547406036,0.0
59111.30877826988,0.23289431942820338,0.0
59111.31572278877,2.672633777600857,0.0
59111.322667307664,1.1576171331135616,0.0
59111.32961182649,-0.4354161898813664,0.0
59111.336556345384,-0.06135361651786031,0.0
59111.34350086422,2.3680546156984836,0.0
59111.35044538299,-0.07461680987035463,0.0
59111.35738990182,1.4445726335455966,0.0
59111.3643344206,-0.6732446326629524,0.0
59111.37127893937,0.3510705569532385,0.0
59111.378223458145,3.083894292099081,0.0
59111.38516797686,-0.25473879678794487,0.0
59111.39211249563,-0.19800737336725693,0.0
59111.39905701435,1.166388929858843,0.0
59111.40600153301,1.515595335585415,0.0
59111.41294605172,-2.784113794420861,0.0
59111.41989057038,0.37576506986877184,0.0
59111.42683508904,2.8697258211749612,0.0
59111.433779607636,-2.216930454925384,0.0
59111.440724126296,0.8669984966498049,0.0
59111.4476686449,-2.0064893679681646,0.0
59111.45461316349,2.639432830129103,0.0
59111.461557682036,-3.151172564796947,0.0
59111.46850220064,0.08214819908052029,0.0
59111.475446719174,0.20066113789842577,0.0
59111.48239123766,-2.400553481796341,0.0
59111.4893357562,0.8198427936777027,0.0
59111.49628027468,2.64293058577187,0.0
59111.50322479317,-0.852113459452531,0.0
59111.51016931165,-2.438574248084765,0.0
59111.51711383007,-1.7012606994984676,0.0
59111.5240583485,0.38618790359549116,0.0
59111.53100286693,-0.7172916317939608,0.0
59111.537947385346,-3.2454031513651502,0.0
59111.544891903715,-1.1326768145018469,0.0
59111.551836422084,-0.561151121467694,0.0
59111.558780940446,-1.7883671947440198,0.0
59111.565725458815,-1.4890010346658684,0.0
59111.572669977126,0.32897592200535386,0.0
59111.57961449543,0.11547891151296108,0.0
59111.58655901374,-0.6406200797052137,0.0
59111.59350353199,1.646187954242709,0.0
59111.600448050245,-1.3240621059390167,0.0
59111.60739256849,-0.8463430926939588,0.0
59111.61433708674,-1.2669507126268946,0.0
59111.62128160494,-1.2631363246666143,0.0
59111.628226123124,0.12978971890497304,0.0
59111.63517064132,1.0828036779504537,0.0
59111.64211515951,2.2826322552201592,0.0
59111.64905967764,-1.2068979840345713,0.0
59111.65600419578,0.11804419530226382,0.0
59111.662948713914,-3.925552183988473,0.0
59111.669893231985,1.248509798595478,0.0
59111.67683775006,1.345756764974764,0.0
59111.68378226814,-1.3460681978742908,0.0
59111.69072678621,1.4116315990475845,0.0
59111.69767130423,1.6908732382230842,0.0
59111.70461582225,-1.542024370129456,0.0
59111.71156034026,2.1971185688427757,0.0
59111.718504858225,1.2256179363796225,0.0
59111.72544937619,-0.010385435796358922,0.0
59111.73239389414,-1.786709586582256,0.0
59111.7393384121,3.248772911575131,0.0
59111.746282930006,0.8150759109185831,0.0
59111.7532274479,-0.2452886965118084,0.0
59111.760171965805,-1.6696578294475626,0.0
59111.76711648371,-1.8822641752983593,0.0
59111.774061001546,0.17305200768673135,0.0
59111.78100551939,1.4619026465690572,0.0
59111.78795003718,-0.4920067337259152,0.0
59111.794894555016,0.1146488219216858,0.0
59111.8018390728,1.0969081449755573,0.0
59111.80878359059,-1.4480815575524173,0.0
59111.81572810831,-0.19966332774416817,0.0
59111.82267262604,2.190598778797294,0.0
59111.82961714377,-0.7770263253426594,0.0
59111.83656166149,2.961869934247834,0.0
59111.84350617916,-1.3093714345473115,0.0
59111.85045069683,0.785298273964182,0.0
59111.857395214494,-0.05060732132481638,0.0
59111.864339732165,3.30486117006939,0.0
59111.87128424978,0.7529006445585967,0.0
59111.87822876738,-0.724998175570466,0.0
59111.885173284936,-3.4371013146277765,0.0
59111.89211780255,0.13000023332887733,0.0
59111.899062320095,1.0049906726680526,0.0
59111.90600683765,0.6420862058013548,0.0
59111.912951355145,-1.6814234481346335,0.0
59111.919895872634,3.5995843207173586,0.0
59111.92684039013,-0.4925676746359319,0.0
59111.933784907626,0.09985067630581745,0.0
59111.940729425056,-0.8214658042440548,0.0
59111.94767394249,-0.811516038036816,0.0
59111.95461845993,1.2040027980422214,0.0
59111.9615629773,-0.39455168819987396,0.0
59111.96850749468,0.647479172908747,0.0
59111.97545201206,4.454271522876846,0.0
59111.982396529434,-0.11267211095754825,0.0
59111.989341046756,2.2245666670657145,0.0
59111.99628556408,1.2129437940561558,0.0
59112.00323008139,-0.1940710540977335,0.0
59112.010174598654,0.6439127929370467,0.0
59112.01711911592,0.4761779168369624,0.0
59112.02406363317,0.726679255208247,0.0
59112.03100815038,0.740640373970209,0.0
59112.03795266764,0.555559002752336,0.0
59112.04489718479,-0.36435257204373606,0.0
59112.051841701985,-2.3277740032590764,0.0
59112.05878621913,0.7891815550012948,0.0
59112.06573073628,-0.15258869091267346,0.0
59112.07267525342,0.4973379121531212,0.0
59112.079619770506,0.24844058504224598,0.0
59112.086564287645,-0.6935100866234254,0.0
59112.093508804675,-0.8010833789532485,0.0
59112.100453321764,2.7315039630153968,0.0
59112.10739783879,-3.4031298747736978,0.0
59112.11434235582,-0.6686304095916497,0.0
59112.12128687279,0.6378143663992585,0.0
59112.12823138982,-0.7000288027537707,0.0
59112.135175906784,2.0746444873985728,0.0
59112.1421204237,0.24042638416816575,0.0
59112.14906494067,2.9188264154762047,0.0
59112.156009457576,4.323083683862558,0.0
59112.16295397449,2.307503678286794,0.0
59112.169898491346,1.1887237451157464,0.0
59112.176843008194,0.7883692318168984,0.0
59112.18378752505,0.9802053182355377,0.0
59112.190732041905,-1.4069021197223992,0.0
59112.197676558695,0.1658940513116366,0.0
59112.20462107549,0.9587803211464514,0.0
59112.21156559229,0.2198883629281953,0.0
59112.21851010902,-0.881809098922794,0.0
59112.22545462576,1.022757676631971,0.0
59112.2323991425,-2.359496601085558,0.0
59112.239343659174,0.42079221759439167,0.0
59112.246288175855,1.9179747658046817,0.0
59112.253232692536,3.7920423182724132,0.0
59112.26017720921,2.0586133445638293,0.0
59112.26712172583,-0.13390828676628252,0.0
59112.274066242455,1.3172595454812734,0.0
59112.28101075902,1.0567293356384555,0.0
59112.28795527558,-1.0576330369497746,0.0
59112.29489979214,0.7714149444374272,0.0
59112.301844308706,3.225680903299486,0.0
59112.308788825205,0.2436662659121549,0.0
59112.31573334171,-1.3831885718821857,0.0
59112.32267785822,0.9913302905579817,0.0
59112.32962237466,-2.2362501262447094,0.0
59112.336566891165,-0.05296308733353028,0.0
59112.343511407555,0.6513312168088936,0.0
59112.350455923995,0.34420995503839524,0.0
59112.357400440385,2.6983728094547246,0.0
59112.364344956775,0.14917366245330216,0.0
59112.3712894731,1.3002703270686997,0.0
59112.37823398949,0.614314346473154,0.0
59112.38517850576,1.1050703503598542,0.0
59112.39212302209,2.5655675073419015,0.0
59112.39906753836,0.7437919153621472,0.0
59112.406012054635,1.6792805320016506,0.0
59112.4129565709,-2.180121452147751,0.0
59112.419901087116,1.0581631651266017,0.0
59112.42684560333,-0.549349021242047,0.0
59112.43379011954,0.9382862808884807,0.0
59112.4407346357,0.5199113567761886,0.0
59112.447679151854,0.7314204347380535,0.0
59112.454623668,2.880451888366034,0.0
59112.46156818416,1.7995757720959524,0.0
59112.46851270026,-0.4677768862950237,0.0
59112.47545721635,3.621136200776518,0.0
59112.48240173239,1.4851385198441935,0.0
59112.48934624843,-0.7110141795678684,0.0
59112.496290764466,3.0661765226153115,0.0
59112.50323528051,-0.4299233544330513,0.0
59112.51017979649,4.790561885052041,0.0
59112.517124312464,2.5970767354743227,0.0
59112.52406882839,0.09136099711364737,0.0
59112.53101334437,-2.6009387714742207,0.0
59112.53795786029,-2.0795439352307143,0.0
59112.544902376154,-2.1597412214159677,0.0
59112.55184689208,1.0023467014759002,0.0
59112.55879140794,2.4075348819117632,0.0
59112.565735923745,0.0018709905478553335,0.0
59112.57268043961,-0.992134922052794,0.0
59112.57962495541,-3.292608436916572,0.0
59112.58656947122,-0.6850064322079208,0.0
59112.59351398697,-3.8606966171697037,0.0
59112.60045850272,2.53736672273683,0.0
59112.60740301846,-0.5657529906411085,0.0
59112.61434753415,-1.9736174730565228,0.0
59112.621292049895,0.6859988085852111,0.0
59112.62823656553,1.2260017165795452,0.0
59112.63518108122,1.2442244777247833,0.0
59112.64212559685,-0.10986282965521166,0.0
59112.64907011248,-0.09599194779670567,0.0
59112.65601462811,0.54554435912255,0.0
59112.66295914369,-0.5463277577765981,0.0
59112.669903659254,0.7112866426157917,0.0
59112.67684817477,1.6416406078345291,0.0
59112.683792690346,3.5380509100854884,0.0
59112.690737205856,0.38257081206721605,0.0
59112.697681721314,-1.4563508158194831,0.0
59112.70462623683,1.4203849652163598,0.0
59112.71157075228,2.4028849885620556,0.0
59112.71851526768,0.024125268656937537,0.0
59112.72545978314,-1.6958139495031135,0.0
59112.73240429854,-1.08433200661614,0.0
59112.73934881388,-0.6926886995203078,0.0
59112.74629332928,2.0877169572227716,0.0
59112.75323784462,-0.42693856380701367,0.0
59112.760182359954,-2.4883538884814365,0.0
59112.76712687527,0.23215615726314298,0.0
59112.77407139055,-1.8035019057047734,0.0
59112.78101590583,1.350042584345076,0.0
59112.78796042108,-3.6502724480391784,0.0
59112.79490493631,-0.8429852999688259,0.0
59112.80184945153,-1.1124601485491725,0.0
59112.808793966724,1.87069369914369,0.0
59112.81573848191,-1.6067285801933535,0.0
59112.82268299705,0.3842200321797966,0.0
59112.82962751222,0.8082827577219831,0.0
59112.83657202733,1.258666176365967,0.0
59112.84351654243,-0.6042892251659246,0.0
59112.85046105754,-1.9495869568963993,0.0
59112.85740557262,3.7054590152060776,0.0
59112.864350087664,0.7152937711277678,0.0
59112.871294602686,-0.46185088909459704,0.0
59112.87823911771,1.3170335389332846,0.0
59112.885183632694,-1.3262332494603524,0.0
59112.89212814769,0.5188172745705489,0.0
59112.89907266265,4.645477757024226,0.0
59112.90601717758,-0.0864854820830544,0.0
59112.91296169251,-0.8054690904453321,0.0
59112.91990620742,2.928060119044945,0.0
59112.92685072232,-3.292489425488293,0.0
59112.93379523719,-0.28589972571893413,0.0
59112.94073975204,0.3929524267371922,0.0
59112.94768426688,-1.5296771098501754,0.0
59112.9546287817,3.4956157395078717,0.0
59112.96157329652,-2.777621605120804,0.0
59112.96851781127,-0.5348800868420203,0.0
59112.97546232606,-1.2347743658058576,0.0
59112.98240684079,0.8952167813380665,0.0
59112.989351355514,-1.6945398739689326,0.0
59112.996295870245,0.4408688068017559,0.0
59113.00324038495,-0.4451968793796047,0.0
59113.01018489962,-1.460202436664517,0.0
59113.017129414286,2.4985546612344836,0.0
59113.02407392893,0.9794047500956824,0.0
59113.031018443544,-2.656687047559329,0.0
59113.03796295815,0.6387371338986686,0.0
59113.044907472766,-0.556618218167644,0.0
59113.05185198732,0.3991115617231469,0.0
59113.05879650187,-1.6402113510159972,0.0
59113.06574101643,-2.4302164948886693,0.0
59113.072685530955,1.9543241337783264,0.0
59113.079630045446,0.3885234446535262,0.0
59113.086574559944,1.1819054756642187,0.0
59113.09351907441,1.305970431787994,0.0
59113.100463588875,-2.431940030205786,0.0
59113.107408103315,-3.167086973065259,0.0
59113.114352617755,1.447251818295005,0.0
59113.12129713214,1.793143611464314,0.0
59113.12824164654,-0.4245501284969224,0.0
59113.13518616092,-0.3403789316124026,0.0
59113.14213067527,-1.5266619766619995,0.0
59113.14907518962,2.483841284833629,0.0
59113.15601970394,3.809294358128927,0.0
59113.16296421826,-3.2655140231276922,0.0
59113.169908732554,-0.36566552116115436,0.0
59113.17685324682,-0.19437820892719626,0.0
59113.183797761085,-1.918253254249782,0.0
59113.19074227534,1.6006343886544374,0.0
59113.19768678958,-0.40895679110321304,0.0
59113.204631303786,3.6216565320444,0.0
59113.211575817986,5.262145528611795,0.0
59113.21852033219,-2.4663220138884703,0.0
59113.22546484634,-3.457621428010939,0.0
59113.23240936051,-4.517817564902766,0.0
59113.23935387466,-2.777083065169259,0.0
59113.24629838878,-3.3448390706753592,0.0
59113.253242902894,-1.1740720875936776,0.0
59113.260187416985,1.0205699721804495,0.0
59113.267131931076,-2.842263190880611,0.0
59113.27407644516,1.813710344549023,0.0
59113.28102095922,0.7722518557673654,0.0
59113.28796547325,0.29627103788945663,0.0
59113.29490998728,4.388656652419473,0.0
59113.30185450131,1.6145919655952763,0.0
59113.308799015314,1.4962955076723665,0.0
59113.31574352928,1.935509395150659,0.0
59113.322688043285,2.019317497403128,0.0
59113.3365770712,-0.9202670398926218,0.0
59113.36435512688,-3.9085015433847032,0.0
59113.37129964077,0.8933848324813161,0.0
59113.37824415465,1.3588887740061009,0.0
59113.38518866851,1.128794323276288,0.0
59113.392133182395,-0.5796742337057204,0.0
59113.406022210074,-3.1703955157175745,0.0
59113.4129667239,-0.3807217720717485,0.0
59113.4199112377,-0.5933696408267433,0.0
59113.426855751524,-3.0030124705277705,0.0
59113.433800265324,2.3499995480364695,0.0
59113.440744779095,1.4447784362919056,0.0
59113.53102345762,2.45448050579353,0.0
59113.53796797129,2.848545104325848,0.0
59113.54491248498,-0.8328255678999494,0.0
59113.55185699866,-4.418586636350025,0.0
59113.55880151231,-4.004528076397919,0.0
59113.56574602599,2.411078824173036,0.0
59113.572690539644,4.724301300035638,0.0
59113.57963505329,2.592560471738091,0.0
59113.586579566974,-0.8485498460413756,0.0
59113.59352408063,0.03409965262673498,0.0
59113.600468594275,-3.326437396830041,0.0
59113.60741310793,-0.8119677731127268,0.0
59113.669913730795,2.1250422612023936,0.0
59113.67685824448,-2.1789360250770686,0.0
59113.718525326534,-2.873287773109668,0.0
59113.72546984025,0.6620897524222223,0.0
59113.73241435395,-0.9294093615522256,0.0
59113.739358867664,-1.1446829064291426,0.0
59113.746303381406,-0.4261591580057642,0.0
59113.787970463985,-7.688818768118954,0.0
59113.794914977814,0.9622789737500731,0.0
59113.801859491636,2.5265737939119157,0.0
59113.808804005464,-0.9043718320545353,0.0
59113.82963754709,-0.8940296605071703,0.0
59113.836582061005,-1.2229372453787573,0.0
59113.84352657494,0.24218789954447328,0.0
59113.85047108892,2.289477231792812,0.0
59113.85741560289,-2.5109792154572217,0.0
59113.86436011689,0.04698122495165269,0.0
59113.87130463089,-0.2058657185334781,0.0
59113.87824914495,-2.5496556766357514,0.0
59113.88519365901,-2.6461438759143476,0.0
59113.89213817313,2.7008689086436903,0.0
59113.89908268725,-0.6719057333137997,0.0
59113.90602720142,-1.7285464409226696,0.0
59113.912971715596,0.3245317705560444,0.0
59113.91991622983,4.518447499262868,0.0
59113.92686074406,2.2320347345483267,0.0
