mjd,counts,event
59254.49937481113,9.669313899185454,0.0
59254.50631939761,9.56188236407479,0.0
59254.51326398432,9.845418733957104,0.0
59254.52020857173,12.502033055590346,0.0
59254.52715315961,9.369110966201788,0.0
59254.53409774772,15.183236615752321,0.0
59254.541042336525,18.505655000818024,0.0
59254.547986925565,7.297737688128564,0.0
59254.554931515304,15.240467244808315,0.0
59254.561876105276,20.460596300028328,0.0
59254.56882069571,16.68573654850252,0.0
59254.582709877985,3.65258579841111,0.0
59254.589654469586,10.094454197378354,0.0
59254.666045005135,9.925875097847893,0.0
59254.67298960139,16.48394219971624,0.0
59254.707712588504,6.436532838473568,0.0
59254.763269383446,2.9439248294870595,0.0
59254.85354921016,7.780388164867077,0.0
59254.87438302139,2.049586729103339,0.0
59254.881327625524,7.515339666946545,0.0
59254.888272229655,2.7156669609855726,0.0
59254.895216834026,2.8224668644461985,0.0
59254.90216143862,4.616389898257921,0.0
59254.90910604345,7.199349830974029,0.0
59254.91605064828,4.249019010721611,0.0
59254.92299525335,4.530366124480679,0.0
59254.92993985841,7.219732228320311,0.0
59254.93688446371,5.517426230935371,0.0
59254.943829069234,10.864832895258246,0.0
59254.95077367476,8.670976384392105,0.0
59254.95771828053,7.096926716430289,0.0
59254.96466288629,7.704183004798324,0.0
59254.97160749228,6.7588471058511175,0.0
59254.97855209828,6.364535453958581,0.0
59254.98549670451,1.9756754138795714,0.0
59254.99244131074,5.064329423221267,0.0
59254.999385917195,5.581268868607509,0.0
59255.006330523654,7.373800191311716,0.0
59255.01327513035,6.293644581617684,0.0
59255.02021973681,5.577451920005416,0.0
59255.02716434374,5.034984589474334,0.0
59255.03410895043,7.206030385223727,0.0
59255.041053557354,5.965542696176811,0.0
59255.04799816452,5.933194173600953,0.0
59255.05494277144,8.36788400014737,0.0
59255.0618873786,8.58717608770894,0.0
59255.06883198599,0.3484712705907782,0.0
59255.075776593156,2.7109471125679363,0.0
59255.082721200546,7.611871208216627,0.0
59255.08966580817,7.000159499510062,0.0
59255.09661041556,1.7012991508526056,0.0
59255.10355502319,6.082686765680393,0.0
59255.11049963081,5.5954953642300325,0.0
59255.117444238436,2.1253525122886145,0.0
59255.12438884606,3.5390759891947567,0.0
59255.13133345392,6.249906388444472,0.0
59255.13827806178,4.5575686822623,0.0
59255.145222669635,4.273858504814257,0.0
59255.15216727749,5.14440842062119,0.0
59255.15911188535,0.46874517831670914,0.0
59255.16605649344,4.3919803966795,0.0
59255.17300110153,5.326235633387057,0.0
59255.17994570939,7.147152036182149,0.0
59255.186890317476,3.0723172783936263,0.0
59255.193834925805,3.2428190231080976,0.0
59255.200779533894,2.2410336990049444,0.0
59255.20772414198,7.617778266173389,0.0
59255.214668750305,5.334631511876864,0.0
59255.2216133584,5.3118642973239645,0.0
59255.22855796672,3.550929530233276,0.0
59255.235502575044,3.0778727476459693,0.0
59255.24244718313,2.9125064146576847,0.0
59255.249391791454,4.424835164034377,0.0
59255.25633639978,3.1796228632484755,0.0
59255.263281008105,2.8410779950679697,0.0
59255.27022561666,3.731639501561304,0.0
59255.27717022499,6.32609152300796,0.0
59255.28411483331,2.4994488857126598,0.0
59255.29105944163,3.4067460507249834,0.0
59255.29800404995,2.7311754473881535,0.0
59255.30494865851,1.7386767229302933,0.0
59255.31189326684,5.092393744298462,0.0
59255.31883787516,4.391856073549199,0.0
59255.32578248371,2.832172123898779,0.0
59255.332727092034,3.9246613036497777,0.0
59255.33967170036,1.0461956450727214,0.0
59255.34661630892,9.916181986557689,0.0
59255.35356091724,7.5697976335589345,0.0
59255.36050552556,5.9172898020049765,0.0
59255.36745013389,4.402464468010038,0.0
59255.374394742445,4.379804481113794,0.0
59255.381339350766,5.103102844269888,0.0
59255.38828395909,4.593248576385701,0.0
59255.39522856742,4.651941584190311,0.0
59255.40217317574,2.623770263155375,0.0
59255.40911778406,2.7833326085026826,0.0
59255.41606239238,2.364377901409142,0.0
59255.4230070007,2.9656398774303447,0.0
59255.42995160903,2.2467989262841,0.0
59255.436896217354,3.2956599189350655,0.0
59255.443840825676,0.6343043204754615,0.0
59255.450785434,5.152585818327612,0.0
59255.45773004209,4.814786849566643,0.0
59255.464674650415,2.2072418371196036,0.0
59255.471619258504,5.731075583107449,0.0
59255.478563866825,4.795783289996535,0.0
59255.485508474914,2.499841183918683,0.0
59255.49245308301,-0.37568479151367384,0.0
59255.4993976911,4.028779756934611,0.0
59255.50634229919,1.9626209382761814,0.0
59255.51328690728,-1.5658798087291697,0.0
59255.52023151537,-2.8297962970268813,0.0
59255.52717612346,1.4052659525485023,0.0
59255.53412073155,1.7821250473886545,0.0
59255.54106533941,2.0934939215023043,0.0
59255.54800994727,2.0829771212886916,0.0
59255.55495455536,2.2198553566748807,0.0
59255.561899163215,6.0369778475456375,0.0
59255.56884377107,2.7779299892980847,0.0
59255.575788378934,-0.11506844366488966,0.0
59255.58273298679,-0.14867109967827075,0.0
59255.589677594646,2.0757830814139657,0.0
59255.59662220227,0.013254876617016187,0.0
59255.603566810125,2.3473872023353697,0.0
59255.610511417755,0.04791572810355049,0.0
59255.61745602538,4.668838599549818,0.0
59255.624400633,1.1585543934876545,0.0
59255.631345240625,4.185568280636933,0.0
59255.638289848255,1.058314596186092,0.0
59255.645234455646,0.751009939136241,0.0
59255.65217906327,-0.725607272865499,0.0
59255.65912367066,2.413606371244677,0.0
59255.66606827805,2.0262948304104733,0.0
59255.67301288545,0.9135422074527819,0.0
59255.67995749284,1.477840531059928,0.0
59255.68690210023,2.9474882431807625,0.0
59255.693846707385,-2.739385434371865,0.0
59255.70079131478,1.658057916484598,0.0
59255.70773592194,2.594869363733599,0.0
59255.7146805291,-0.7486657862175434,0.0
59255.721625136255,0.42706240611268065,0.0
59255.72856974342,5.06660114103698,0.0
59255.735514350345,1.066074472196856,0.0
59255.7424589575,1.2878415831818784,0.0
59255.74940356443,0.8192446373276259,0.0
59255.75634817136,2.2705200704379185,0.0
59255.76329277828,2.53127622156223,0.0
59255.77023738521,4.56026167373303,0.0
59255.7771819919,0.17875419448912355,0.0
59255.78412659883,1.8222105746372466,0.0
59255.79107120552,1.6402855874598778,0.0
59255.798015812215,2.3832116253528928,0.0
59255.80496041891,0.22269883623724995,0.0
59255.81190502537,3.231718861083311,0.0
59255.818849632065,0.7123165471237696,0.0
59255.825794238524,1.4253548718549935,0.0
59255.83273884498,2.058544895737452,0.0
59255.83968345144,1.9185192194650762,0.0
59255.84662805791,2.238112400221927,0.0
59255.853572664135,3.2149924917714836,0.0
59255.860517270594,0.5047044242967442,0.0
59255.86746187682,2.031073000809707,0.0
59255.874406483046,0.8418901708001891,0.0
59255.88135108928,3.5021490450357016,0.0
59255.88829569527,0.6730764307238968,0.0
59255.8952403015,2.3583305777382977,0.0
59255.90218490749,3.294668160558953,0.0
59255.90912951349,3.654560801996436,0.0
59255.91607411949,2.8946818379478363,0.0
59255.92301872525,0.5186929279067931,0.0
59255.92996333124,1.9095353537367017,0.0
59255.93690793701,6.35811488460201,0.0
59255.94385254277,1.9432776935805545,0.0
59255.95079714853,2.2438294672236636,0.0
59255.95774175406,1.0711453254495664,0.0
59255.964686359825,3.9541887942584775,0.0
59255.97163096535,2.4259939370009476,0.0
59255.97857557088,3.491834121747575,0.0
59255.98552017641,2.3811048323510966,0.0
59255.9924647817,5.801433550821818,0.0
59255.999409387005,1.3063299265114126,0.0
59256.00635399253,-0.16567511333633433,0.0
59256.01329859783,5.222701301967238,0.0
59256.02024320289,3.049803596300033,0.0
59256.02718780819,1.7303102696095438,0.0
59256.03413241325,3.5125187117083163,0.0
59256.041077018315,2.1649803220580193,0.0
59256.04802162338,2.2640195491616786,0.0
59256.05496622845,5.340218005979775,0.0
59256.061910833276,3.144648041672345,0.0
59256.06885543834,2.561354492526095,0.0
59256.07580004317,0.3288734667385378,0.0
59256.08274464776,2.0132329361448953,0.0
59256.0896892526,-0.8123692270476222,0.0
59256.096633857196,1.5000342279386596,0.0
59256.103578462025,1.9633929845276725,0.0
59256.11052306639,4.853921204542753,0.0
59256.11746767099,5.152686494731741,0.0
59256.12441227559,4.153196331395396,0.0
59256.13135687995,2.319805018057002,0.0
59256.138301484316,0.7980873500554873,0.0
59256.14524608869,3.9628062230058907,0.0
59256.15219069305,1.1506935039078139,0.0
59256.15913529718,3.491403697726964,0.0
59256.16607990131,2.9292368669183837,0.0
59256.17302450544,5.0636530619199265,0.0
59256.17996910958,4.274845247157433,0.0
59256.18691371348,1.6589674344334773,0.0
59256.19385831761,0.6295181368799816,0.0
59256.20080292151,4.35470598971845,0.0
59256.20774752541,5.301828103278245,0.0
59256.21469212908,3.9944118514001117,0.0
59256.221636732975,2.338154580990097,0.0
59256.22858133664,6.902666955348611,0.0
59256.23552594031,4.3946843911781865,0.0
59256.242470543744,2.987652244286243,0.0
59256.24941514741,5.980090095760119,0.0
59256.25635975084,2.434296876204671,0.0
59256.263304354274,5.687279904051704,0.0
59256.27024895771,5.266212883744262,0.0
59256.27719356091,3.8874531278255535,0.0
59256.284138164345,4.256915893813335,0.0
59256.291082767544,5.058619393784122,0.0
59256.29802737075,4.394010649855952,0.0
59256.30497197372,6.318620771742116,0.0
59256.31191657692,2.8955383257626353,0.0
59256.31886117988,4.904530034736206,0.0
59256.32580578285,1.1305000723154681,0.0
59256.33275038582,4.420152032140917,0.0
59256.33969498856,3.408423463611559,0.0
59256.34663959129,3.9598192700875394,0.0
59256.353584194025,1.7094310464026026,0.0
59256.360528796766,2.9653863511391187,0.0
59256.3674733995,3.162978988944096,0.0
59256.374418002,2.8496672279032085,0.0
59256.3813626045,7.69821962971603,0.0
59256.38830720701,6.346182390609101,0.0
59256.39525180951,2.757818056520991,0.0
59256.40219641178,2.1926776510882,0.0
59256.409141014046,3.532305400840549,0.0
59256.41608561632,3.3179228480983967,0.0
59256.42303021859,5.177565605237854,0.0
59256.429974820625,1.8011599657150281,0.0
59256.43691942266,3.7959269399425466,0.0
59256.443864024695,1.4071353460354976,0.0
59256.45080862674,3.5337424641293547,0.0
59256.45775322854,5.351538991845457,0.0
59256.464697830575,5.331433256132062,0.0
59256.47164243238,1.6675791003952802,0.0
59256.478587033955,3.921663853419422,0.0
59256.48553163576,4.214480356434506,0.0
59256.49247623733,2.422993246721364,0.0
59256.499420838896,4.519461694050313,0.0
59256.506365440466,3.5616949453454207,0.0
59256.51331004204,5.063818934812708,0.0
59256.52025464338,4.796812176043577,0.0
59256.527199244716,4.486958585766663,0.0
59256.53414384605,2.5554380906671983,0.0
59256.5410884474,6.021120300639206,0.0
59256.5480330485,3.2536550611779664,0.0
59256.554977649605,4.371616193167012,0.0
59256.56192225071,4.439428545935033,0.0
59256.56886685182,4.769628255295689,0.0
59256.57581145269,2.9550201520332164,0.0
59256.58275605356,4.027863340452916,0.0
59256.58970065443,3.060965270744662,0.0
59256.59664525531,3.5114170347810294,0.0
59256.60358985595,2.9737745236446327,0.0
59256.61053445659,0.7216744957085273,0.0
59256.617479057226,3.5748979439948547,0.0
59256.624423657864,2.670766166165344,0.0
59256.63136825851,2.793986622255961,0.0
59256.638312858915,3.9640443307020137,0.0
59256.64525745932,3.828322100427753,0.0
59256.652202059726,3.3501084608160294,0.0
59256.659146659906,3.7920241229696643,0.0
59256.66609126008,3.9346011899866937,0.0
59256.67303586025,5.473880636802624,0.0
59256.67998046042,4.2702301676288545,0.0
59256.686925060596,2.1972067693162547,0.0
59256.69386966054,3.2756328994427686,0.0
59256.70081426048,1.5457827929789283,0.0
59256.70775886042,2.1073487210509048,0.0
59256.71470346013,6.089853330974577,0.0
59256.72164806008,4.2882639027594935,0.0
59256.72859265978,3.251843127134101,0.0
59256.73553725949,2.195070481467066,0.0
59256.742481858964,3.9063944468621896,0.0
59256.74942645867,4.867556147609641,0.0
59256.75637105815,3.7232753486919785,0.0
59256.76331565763,3.707909663255722,0.0
59256.77026025687,6.589331902348895,0.0
59256.77720485635,2.340821743331118,0.0
59256.78414945559,3.7311924825959046,0.0
59256.79109405483,3.321824205473191,0.0
59256.79803865384,4.960851581745298,0.0
59256.80498325308,2.3749423866260715,0.0
59256.8119278521,6.954609262863343,0.0
59256.818872451106,0.9416530693466305,0.0
59256.82581704988,2.4786731376502633,0.0
59256.83276164889,1.4969208351269148,0.0
59256.839706247665,4.634505161204724,0.0
59256.84665084645,5.1456295383521375,0.0
59256.85359544499,2.4995104860500432,0.0
59256.86054004377,4.766574020553526,0.0
59256.86748464231,4.217959375364769,0.0
59256.87442924086,3.6639324157350357,0.0
59256.88137383917,4.3618352781521,0.0
59256.88831843771,2.971304810014698,0.0
59256.89526303602,6.195939298438435,0.0
59256.90220763434,2.031271629329791,0.0
59256.90915223265,4.588282785719348,0.0
59256.916096830726,5.11553398660681,0.0
59256.9230414288,3.7836538834708304,0.0
59256.92998602688,4.6051321966296435,0.0
59256.936930624965,3.7938974303968203,0.0
59256.94387522281,5.543856365322814,0.0
59256.950819820886,0.3886489315764926,0.0
59256.95776441873,1.712232220033217,0.0
59256.96470901635,4.215496546366745,0.0
59256.97165361419,4.252553465725189,0.0
59256.978598211805,3.897118234314285,0.0
59256.985542809416,2.1516938587570302,0.0
59256.992487407035,1.8444115236124414,0.0
59256.99943200441,3.365396480070539,0.0
59257.00637660179,6.365577808301737,0.0
59257.01332119917,3.2618570106725153,0.0
59257.02026579655,4.853630465236615,0.0
59257.027210393935,4.063865811481179,0.0
59257.03415499108,2.3590624283540773,0.0
59257.04109958823,5.302205311210295,0.0
59257.04804418537,2.517408757891516,0.0
59257.05498878229,0.502041575401547,0.0
59257.061933379206,2.8721890665146965,0.0
59257.06887797612,2.937382824189083,0.0
59257.07582257303,3.1926586679356235,0.0
59257.08276716995,2.8785819961177004,0.0
59257.08971176663,1.3067338513371758,0.0
59257.09665636331,1.9998688942432834,0.0
59257.10360095999,1.8437626254699933,0.0
59257.11054555644,2.2927313483617215,0.0
59257.117490152894,1.8201969427339666,0.0
59257.12443474934,5.7587458736297235,0.0
59257.13137934579,3.6808211498582697,0.0
59257.138323942236,3.30729296502936,0.0
59257.14526853846,3.7772491098197594,0.0
59257.15221313467,2.061303997909855,0.0
59257.15915773089,4.40835760329803,0.0
59257.16610232687,2.7668058254955317,0.0
59257.17304692285,5.340515999787263,0.0
59257.17999151884,2.9625752639162544,0.0
59257.18693611482,2.7092710137726765,0.0
59257.1938807108,2.2100769388373105,0.0
59257.20082530655,1.3839087889403996,0.0
59257.20776990231,6.88029041052237,0.0
59257.214714498055,2.452367893292184,0.0
59257.22165909357,3.017199174228952,0.0
59257.22860368932,4.483407890345243,0.0
59257.235548284836,3.2240817012566136,0.0
59257.24249288013,2.4915396275221933,0.0
59257.24943747564,3.8194086627980526,0.0
59257.256382070926,1.784673627178475,0.0
59257.26332666621,5.482181192755818,0.0
59257.2702712615,2.298648294372557,0.0
59257.27721585655,2.3418197695673864,0.0
59257.28416045183,4.68065263772688,0.0
59257.29110504688,3.1917904617186585,0.0
59257.29804964194,4.357513707769996,0.0
59257.30499423676,2.8532736539200187,0.0
59257.311938831575,2.416070606400477,0.0
59257.31888342639,4.374336811057549,0.0
59257.32582802121,0.6422103036573756,0.0
59257.332772616035,1.4548265243885632,0.0
59257.33971721062,3.501016943892768,0.0
59257.346661805204,5.4907554163571355,0.0
59257.35360639979,3.2835228826675307,0.0
59257.36055099414,4.80526108761776,0.0
59257.36749558873,4.037748812106053,0.0
59257.374440183085,4.747182807482412,0.0
59257.3813847772,3.6459311011653655,0.0
59257.38832937156,2.9886367575446564,0.0
59257.39527396568,3.815266178839017,0.0
59257.4022185598,3.5231603899096307,0.0
59257.40916315392,2.3342912532120876,0.0
59257.41610774804,3.1949074203607646,0.0
59257.423052341925,5.773936878771705,0.0
59257.42999693582,2.6023479228158304,0.0
59257.436941529704,1.1796266371794595,0.0
59257.44388612336,4.0277987465780205,0.0
59257.450830717244,4.438809925411267,0.0
59257.457775310904,4.076864559881958,0.0
59257.464719904325,2.8520016753719712,0.0
59257.47166449798,3.336842869440483,0.0
59257.4786090914,3.30171552414018,0.0
59257.485553684826,0.005180394368462182,0.0
59257.49249827825,2.952721233829287,0.0
59257.49944287167,2.342938589234678,0.0
59257.506387464855,3.502938420644737,0.0
59257.51333205805,1.3380976349127331,0.0
59257.52027665124,2.622777235967323,0.0
59257.52722124419,1.0289310917600472,0.0
59257.53416584087,2.4343229223448626,0.0
59257.54111043383,4.733331939897829,0.0
59257.54805502679,4.1468330050937166,0.0
59257.55499961951,7.113800869238094,0.0
59257.561944212466,2.338498774696878,0.0
59257.56888880519,3.961878881929826,0.0
59257.57583339792,4.581682256533089,0.0
59257.58277799041,4.605158860849722,0.0
59257.589722582896,2.0683693804641923,0.0
59257.596667175385,4.700570925149372,0.0
59257.60361176788,1.303988435393743,0.0
59257.61055636037,4.634491109186582,0.0
59257.61750095263,6.794545754676046,0.0
59257.62444554488,4.1683633445794355,0.0
59257.63139013715,2.6164942688818713,0.0
59257.63833472917,1.7901387882648692,0.0
59257.64527932143,0.8739192314343307,0.0
59257.65222391345,4.663078308940687,0.0
59257.65916850524,2.986452156334809,0.0
59257.666113097264,5.674409674634006,0.0
59257.67305768906,4.564233309916553,0.0
59257.68000228085,3.7310387539506964,0.0
59257.68694687264,0.5499352501464516,0.0
59257.693891464434,6.098598626419152,0.0
59257.700836056,2.656012520622012,0.0
59257.70778064756,6.496970859351219,0.0
59257.714725239115,7.373519453418547,0.0
59257.72166983044,3.2246719688105197,0.0
59257.72861442177,4.3043805466271285,0.0
59257.7355590131,5.507311936878773,0.0
59257.74250360442,2.4900422131583584,0.0
59257.74944819575,4.286403688120818,0.0
59257.75639278684,9.652967997156477,0.0
59257.76333737794,4.115063503811076,0.0
59257.77028196903,5.256034954760894,0.0
59257.77722655989,4.256469331706111,0.0
59257.78417115098,4.36156268396816,0.0
59257.79111574185,1.5543108175636835,0.0
59257.798060332476,1.537507189909744,0.0
59257.805004923335,6.366775052726103,0.0
59257.81194951396,4.528642669196751,0.0
59257.81889410459,3.5488215958086875,0.0
59257.82583869522,5.719584367374563,0.0
59257.832783285616,2.743849288855033,0.0
59257.83972787624,2.5205562027929593,0.0
59257.846672466636,3.7714999555907904,0.0
59257.85361705704,1.7967661748019936,0.0
59257.8605616472,1.377550012872657,0.0
59257.86750623736,2.6851298756845527,0.0
59257.87445082752,6.566981780095959,0.0
59257.88139541769,3.5036221121011453,0.0
59257.88834000785,4.034889105208654,0.0
59257.89528459778,2.685612523298631,0.0
59257.902229187705,2.98965216234424,0.0
59257.90917377763,2.1805306327732614,0.0
59257.91611836733,3.5033390145460324,0.0
59257.92306295703,2.8644087373719858,0.0
59257.930007546725,1.7307687563465226,0.0
59257.93695213642,3.478655499932102,0.0
59257.94389672612,3.6575494350624482,0.0
59257.950841315585,2.4297341566263375,0.0
59257.95778590505,3.1809316548963515,0.0
59257.96473049451,5.153744740597414,0.0
59257.97167508374,5.2372721200811,0.0
59257.97861967321,1.702491881414413,0.0
59257.98556426244,2.9479374264074534,0.0
59257.992508851436,5.695022228972386,0.0
59257.99945344067,3.8884229085830513,0.0
59258.00639802967,6.377951670302163,0.0
59258.013342618666,4.572641069940925,0.0
59258.02028720766,6.112951870936328,0.0
59258.027231796426,1.7081678801110494,0.0
59258.03417638542,1.615637920088227,0.0
59258.041120974194,2.9403421003048944,0.0
59258.048065562725,1.6200007602713755,0.0
59258.05501015149,4.64122177999505,0.0
59258.06195474002,1.1397527342956157,0.0
59258.06889932856,4.312667483891973,0.0
59258.07584391709,5.156627761407431,0.0
59258.08278850539,4.540239498485606,0.0
59258.08973309392,1.890506813537169,0.0
59258.09667768222,4.061947243266231,0.0
59258.10362227029,1.6344216146587651,0.0
59258.11056685859,2.0345187306916617,0.0
59258.11751144665,3.9453817468115275,0.0
59258.12445603472,4.986336151618462,0.0
59258.13140062279,6.028172958399796,0.0
59258.138345210624,0.9528669294000902,0.0
59258.14528979869,5.136789093107525,0.0
59258.15223438652,3.79344903658899,0.0
59258.15917897413,2.4566624047749555,0.0
59258.16612356196,1.7736081321982085,0.0
59258.17306814956,2.4765763098699365,0.0
59258.18001273716,2.920753694656824,0.0
59258.18695732476,4.579873892066271,0.0
59258.193901912135,4.1702733187367,0.0
59258.2008464995,1.5685622206490628,0.0
59258.20779108687,5.250120978762567,0.0
59258.214735674235,4.565802044796907,0.0
59258.22168026161,6.592371068111985,0.0
59258.22862484874,6.291641554891505,0.0
59258.23556943588,3.368893768298582,0.0
59258.24251402301,5.870411995578207,0.0
59258.24945860991,2.3373990299748213,0.0
59258.25640319682,6.79297178023354,0.0
59258.26334778372,3.2061893378265327,0.0
59258.270292370624,4.271184714866671,0.0
59258.277236957525,4.655240138662541,0.0
59258.2841815442,3.022879469552768,0.0
59258.29112613087,3.0379617902449985,0.0
59258.29807071754,3.0223989609947233,0.0
59258.30501530397,4.733249635108675,0.0
59258.31195989041,1.8996442925183863,0.0
59258.31890447685,3.9608353933930456,0.0
59258.32584906329,3.296669498278995,0.0
59258.33279364949,5.537948772728122,0.0
59258.339738235925,1.4250820345928275,0.0
59258.346682822135,4.8101328213990655,0.0
59258.353627408105,1.899972992953349,0.0
59258.36057199431,3.872015636019399,0.0
59258.36751658028,3.5905921259542066,0.0
59258.37446116625,3.3092236252614007,0.0
59258.381405752225,4.311523351324643,0.0
59258.38835033796,4.987833208526726,0.0
59258.3952949237,2.2934949754760154,0.0
59258.402239509436,0.9125904074030737,0.0
59258.40918409518,5.074259822089111,0.0
59258.41612868092,5.407047207084203,0.0
59258.42307326642,1.9319407427144526,0.0
59258.430017851926,1.713036727821363,0.0
59258.43696243743,1.9088025202265602,0.0
59258.44390702271,1.317647080759776,0.0
59258.45085160798,5.868322800910722,0.0
59258.45779619325,0.17857393432987156,0.0
59258.46474077852,3.541856103831971,0.0
59258.47168536356,3.6821207067299166,0.0
59258.47862994884,1.7429534040239292,0.0
59258.48557453388,3.916149716349112,0.0
59258.492519118685,5.406845809744411,0.0
59258.49946370372,0.8104975352249063,0.0
59258.50640828854,1.499570063496016,0.0
59258.51335287334,1.8837151103003875,0.0
59258.52029745815,5.478676000442163,0.0
59258.52724204272,2.9538135564745636,0.0
59258.534186627294,3.828514351872444,0.0
59258.541131211874,2.6133560115217924,0.0
59258.54807579645,6.573467508731106,0.0
59258.55502038079,3.6086102133578493,0.0
59258.56196496537,3.2468244752027946,0.0
59258.56890954971,3.3426769577085924,0.0
59258.575854133815,2.291945593163743,0.0
59258.582798718155,5.751068260307059,0.0
59258.58974330226,3.712398681188505,0.0
59258.59668788637,4.090047542862698,0.0
59258.603632470484,4.228538385251893,0.0
59258.61057705436,3.4826178605209557,0.0
59258.61752163823,5.679990331230177,0.0
59258.62446622211,3.9079390556648046,0.0
59258.63141080599,2.6567470409121,0.0
59258.63835538963,1.7242674435391288,0.0
59258.645299973505,2.933249092582522,0.0
59258.652244557146,3.9054428605484808,0.0
59258.659189140555,4.123382695191444,0.0
59258.666133724204,2.534147203711802,0.0
59258.67307830761,2.357388216105125,0.0
59258.68002289102,3.936177151730079,0.0
59258.68696747443,3.048179412960263,0.0
59258.69391205761,1.8246153146385173,0.0
59258.70085664079,4.255808626361633,0.0
59258.707801223965,2.8994354577794064,0.0
59258.71474580714,2.360066364651321,0.0
59258.72169039009,2.9782822070638675,0.0
59258.728634973035,5.253403082864916,0.0
59258.73557955598,3.26788036813457,0.0
59258.74252413892,1.6766484143411255,0.0
59258.74946872163,6.724025424180244,0.0
59258.75641330458,1.5620868612939738,0.0
59258.76335788729,3.9629852442128004,0.0
59258.77030246977,2.0969000852845805,0.0
59258.77724705248,6.607916417439519,0.0
59258.78419163496,2.924695326458909,0.0
59258.79113621744,2.160483601985037,0.0
59258.79808079992,5.135266427050314,0.0
59258.805025382164,3.283323311881529,0.0
59258.81196996441,4.327431892049753,0.0
59258.81891454666,2.9448588785193732,0.0
59258.825859128905,2.486278405280516,0.0
59258.83280371092,1.873441144765082,0.0
59258.83974829293,3.410777380588002,0.0
59258.84669287494,4.0991259706563286,0.0
59258.85363745696,3.5591001893677587,0.0
59258.86058203874,4.080221157960798,0.0
59258.86752662075,4.269525837294998,0.0
59258.874471202296,3.434961760443806,0.0
59258.88141578408,2.5756511770876163,0.0
59258.88836036586,4.779214094603891,0.0
59258.89530494741,0.13133784488004863,0.0
59258.902249528954,4.236208684539219,0.0
59258.909194110274,1.7680105223916531,0.0
59258.91613869182,3.315746935218401,0.0
59258.923083273134,1.8433621499215542,0.0
59258.93002785445,4.030022626150311,0.0
59258.93697243576,3.4796071331247083,0.0
59258.94391701685,-0.9746318688808486,0.0
59258.95086159793,4.188321467065569,0.0
59258.95780617901,3.0382928200490027,0.0
59258.96475076009,3.879397334089312,0.0
59258.97169534094,3.3830792394430103,0.0
59258.97863992179,3.760876015319946,0.0
59258.98558450264,2.070069141432074,0.0
59258.99252908349,5.281590240552338,0.0
59258.9994736641,0.7195766606220899,0.0
59259.006418244724,2.153811767823311,0.0
59259.01336282534,5.461226885590364,0.0
59259.020307405954,5.107911690589727,0.0
59259.027251986336,4.7425701083992635,0.0
59259.03419656672,3.470824672670304,0.0
59259.04114114711,6.755106310072678,0.0
59259.04808572749,3.445856224724766,0.0
59259.05503030764,7.7380239981817045,0.0
59259.06197488802,3.2272692013523168,0.0
59259.06891946794,4.4589519740021215,0.0
59259.07586404809,4.879426647142455,0.0
59259.08280862801,3.389226623499809,0.0
59259.08975320816,0.12980638580103943,0.0
59259.09669778808,3.7446165846777966,0.0
59259.103642367765,3.957247291772192,0.0
59259.11058694768,6.46621047574024,0.0
59259.117531527365,4.581094738390116,0.0
59259.12447610705,1.5183573108626875,0.0
59259.131420686506,2.5255363907174777,0.0
59259.13836526619,0.19806167652758178,0.0
59259.14530984564,1.8764101294341573,0.0
59259.15225442509,2.9920792568879397,0.0
59259.15919900431,3.9207732894736846,0.0
59259.16614358377,6.276466547800643,0.0
59259.173088162985,2.9011555095231114,0.0
59259.1800327422,3.27989266241668,0.0
59259.18697732119,4.8904686526438885,0.0
59259.19392190041,4.076628202820676,0.0
59259.2008664794,2.209349404246362,0.0
59259.20781105838,1.8918844953813156,0.0
59259.214755637135,4.740683969142909,0.0
59259.22170021612,2.3830982165629013,0.0
59259.22864479488,2.111883242033662,0.0
59259.23558937363,2.41457819645381,0.0
59259.24253395215,4.685332585073391,0.0
59259.2494785309,3.840561848809643,0.0
59259.25642310943,1.9028253607173955,0.0
59259.26336768795,2.4683882708400775,0.0
59259.270312266235,2.176888933032304,0.0
59259.27725684452,4.50435328878001,0.0
59259.28420142304,3.505718894334768,0.0
59259.2911460011,4.371695905968103,0.0
59259.29809057939,4.970549607716125,0.0
59259.30503515744,2.654791110961318,0.0
59259.31197973573,3.8361732133081334,0.0
59259.31892431356,4.27927485414313,0.0
59259.32586889161,2.621215341073065,0.0
59259.33281346943,4.9335268993329215,0.0
59259.33975804725,4.545765337218679,0.0
59259.34670262507,5.546242895539306,0.0
59259.3536472029,5.105894656646569,0.0
59259.36059178049,2.6747037905379747,0.0
59259.36753635808,4.587679573847526,0.0
59259.374480935665,3.762622767503407,0.0
59259.38142551325,4.366992988492397,0.0
59259.388370090615,0.23366328007210257,0.0
59259.39531466797,3.379245263772325,0.0
59259.402259245326,4.324879644969072,0.0
59259.40920382268,2.006126382878553,0.0
59259.4161483998,5.827897088703484,0.0
59259.42309297693,4.538650400700865,0.0
59259.430037554055,2.764230434733849,0.0
59259.436982130945,3.374483442809046,0.0
59259.44392670807,4.824450220385391,0.0
59259.450871284964,4.6222877672081895,0.0
59259.45781586185,3.9369815702510698,0.0
59259.46476043851,3.4515517457333296,0.0
59259.47170501517,4.489873001310846,0.0
59259.47864959183,3.5343862170222664,0.0
59259.48559416849,5.744511832590863,0.0
59259.492538745144,5.542081434096227,0.0
59259.49948332157,4.800982439593447,0.0
59259.50642789799,2.053768179070631,0.0
59259.51337247442,5.451825746339466,0.0
59259.52031705085,3.119956651121212,0.0
59259.52726162704,4.189107598848977,0.0
59259.53420620323,4.714930835993044,0.0
59259.54115077942,3.4945676658761142,0.0
59259.548095355385,2.7264424588762672,0.0
59259.55503993134,3.6364349694272775,0.0
59259.561984507534,4.161058694293829,0.0
59259.56892908326,2.633625747227297,0.0
59259.575873659225,3.0557612322256977,0.0
59259.58281823495,4.021090371368567,0.0
59259.589762810676,2.8170878764464105,0.0
59259.5967073864,2.6440885453363663,0.0
59259.603651961894,4.394150935274012,0.0
59259.61059653763,5.710703597292688,0.0
59259.61754111312,2.649176612072338,0.0
59259.62448568838,2.859647084159479,0.0
59259.63143026387,3.285468027655707,0.0
59259.63837483914,6.090254150987924,0.0
59259.6453194144,3.2446458674590604,0.0
59259.65226398966,2.833998258936519,0.0
59259.65920856492,2.796747919274609,0.0
59259.666153139944,1.9959799379340435,0.0
59259.67309771498,0.13001917540612606,0.0
59259.680042290005,0.22108917459021094,0.0
59259.6869868648,1.4200000252983376,0.0
59259.69393143959,5.979225359352753,0.0
59259.700876014394,4.169752648146029,0.0
59259.70782058919,3.0210920761686113,0.0
59259.71476516398,2.4459040477237552,0.0
59259.721709738544,-0.9576100191965806,0.0
59259.728654313105,3.3577781349694398,0.0
59259.73559888744,3.233756297085384,0.0
59259.742543462,4.970844936212375,0.0
59259.74948803633,2.270527143940207,0.0
59259.75643261066,4.343923130585409,0.0
59259.763377184994,3.871596863358681,0.0
59259.77032175909,5.665269165568393,0.0
59259.77726633342,5.598446995082245,0.0
59259.78421090728,1.40280615743379,0.0
59259.791155481376,2.1637144922436202,0.0
59259.79810005548,3.560884585133782,0.0
59259.80504462934,1.02198830815536,0.0
59259.811989203205,4.660574835075337,0.0
59259.818933776834,4.41321095513195,0.0
59259.8258783507,6.364022192161144,0.0
59259.832822924334,3.1371407030651097,0.0
59259.839767497964,4.4242914485335785,0.0
59259.846712071594,3.590349427840179,0.0
59259.85365664499,6.531546466687702,0.0
59259.86060121839,3.9124336343582287,0.0
59259.86754579179,4.26069944439114,0.0
59259.87449036519,0.5009757936483443,0.0
59259.881434938354,4.7140452586244646,0.0
59259.88837951175,3.8026417202216525,0.0
59259.89532408469,3.251582993312823,0.0
59259.902268657854,5.592470782737607,0.0
59259.90921323102,4.384969098619905,0.0
59259.91615780395,1.603190813666949,0.0
59259.92310237688,1.1530075809333724,0.0
59259.93004694959,0.9766962872962643,0.0
59259.93699152252,3.336134743892143,0.0
59259.94393609522,2.899691778871901,0.0
59259.950880667915,2.6260428275132224,0.0
59259.95782524039,3.3199904507046822,0.0
59259.96476981309,1.2155808330254354,0.0
59259.97171438555,1.410047473212698,0.0
59259.97865895802,6.233061176790314,0.0
59259.98560353025,3.84123395441139,0.0
59259.992548102724,3.17228772875532,0.0
59259.99949267496,4.561315208322631,0.0
59260.00643724719,3.3554654219433013,0.0
59260.01338181919,2.093320961073926,0.0
59260.02032639143,5.603407048333182,0.0
59260.02727096343,13.894008517986274,0.0
59260.03421553543,1.9609713010541998,0.0
59260.0411601072,2.3690600011245886,0.0
59260.0481046792,3.378255897306348,0.0
59260.05504925097,4.561962780114491,0.0
59260.061993822506,4.177983073537829,0.0
59260.06893839427,5.895327869597347,0.0
59260.07588296581,2.975151632381927,0.0
59260.08282753735,5.088746473476392,0.0
59260.089772108884,4.711409397780207,0.0
59260.09671668042,3.874016187467501,0.0
59260.10366125172,1.5189015236583348,0.0
59260.11060582302,0.8430232317844908,0.0
59260.11755039433,2.6439211861611636,0.0
59260.1244949654,7.336307289142454,0.0
59260.1314395367,4.0655244372990245,0.0
59260.13838410777,3.9170101228464693,0.0
59260.14532867884,2.4413876232055642,0.0
59260.15227324968,3.4966178386076976,0.0
59260.15921782052,2.8395594425403887,0.0
59260.16616239135,4.98350330869771,0.0
59260.17310696219,2.948906902451865,0.0
59260.180051533025,4.15029713770785,0.0
59260.186996103635,5.141826138853773,0.0
59260.19394067424,5.082894860717415,0.0
59260.20088524484,1.1524772110986583,0.0
59260.20782981521,2.7190108747497734,0.0
59260.21477438582,1.1599513478929029,0.0
59260.22171895596,2.712382503995504,0.0
59260.22866352633,3.095721297530943,0.0
59260.2356080967,1.3563199420782106,0.0
59260.24255266684,3.660512545011584,0.0
59260.24949723698,3.418878933850121,0.0
59260.25644180712,1.6244391402189142,0.0
59260.263386377024,6.262928011483041,0.0
59260.27033094693,2.683783356356954,0.0
59260.27727551684,3.603708448653645,0.0
59260.284220086745,1.1656443582121199,0.0
59260.29116465642,4.01835856499951,0.0
59260.29810922632,2.749430010222068,0.0
59260.30505379599,5.09038360309691,0.0
59260.31199836544,-0.07633329230229857,0.0
59260.31894293511,5.074345308590394,0.0
59260.32588750455,2.106404690112773,0.0
59260.33283207399,4.452118016553228,0.0
59260.3397766432,4.634537471774902,0.0
59260.34672121264,-0.004297818254989538,0.0
59260.35366578185,4.738922684073172,0.0
59260.360610351054,4.135905492858725,0.0
59260.36755492003,1.0634917903316863,0.0
59260.37449948924,5.05287062296905,0.0
59260.381444058214,2.9946898562304827,0.0
59260.38838862719,3.805445681594885,0.0
59260.39533319593,3.2135786651563825,0.0
59260.4022777649,2.4075147416912337,0.0
59260.40922233365,0.6062146744023831,0.0
59260.41616690239,1.4615856776417462,0.0
59260.4231114709,2.6527520991848674,0.0
59260.43005603964,-0.8569220059551121,0.0
59260.43700060815,0.7000150680516861,0.0
59260.44394517666,2.916628375065241,0.0
59260.450889744934,1.8606425543794836,0.0
59260.45783431344,4.3139462079750315,0.0
59260.46477888172,4.654308998172503,0.0
59260.471723449766,5.044219758303776,0.0
59260.47866801804,2.9634747164271333,0.0
59260.48561258608,0.5867715860011169,0.0
59260.492557154124,2.2770660132496907,0.0
59260.499501722166,4.082118405566935,0.0
59260.506446290216,2.7438620342999682,0.0
59260.5411691288,3.3399425638238824,0.0
59260.54811369638,1.9419262138803854,0.0
59260.555058263955,4.4357718653985865,0.0
59260.56200283153,5.236657303676534,0.0
59260.56894739888,3.1675555032848344,0.0
59260.575891971115,3.24708024385077,0.0
59260.582836538226,3.8589657346879376,0.0
59260.58978110557,-0.16868081007671187,0.0
59260.59672567269,6.705141047726378,0.0
59260.6036702398,2.6644796618596827,0.0
59260.61061480691,3.9809545051544943,0.0
59260.617559373786,2.75557448515074,0.0
59260.624503940664,6.547189091977123,0.0
59260.63144850754,5.8171658886807,0.0
59260.63839307443,6.8546739155785215,0.0
59260.64533764107,5.015024453407738,0.0
59260.65228220772,3.2469494091495994,0.0
59260.65922677436,2.6655394415703384,0.0
59260.666171341014,1.0764896746615789,0.0
59260.673115907426,2.9323009668209346,0.0
59260.68006047384,5.200641202440219,0.0
59260.68700504025,1.0284038051193112,0.0
59260.69394960666,1.5198787842488914,0.0
59260.70089417285,3.8348978999803527,0.0
59260.70783873903,3.7530423321531954,0.0
59260.71478330521,1.5073786132567775,0.0
59260.72172787139,5.922881946429953,0.0
59260.72867243734,5.8039161891532824,0.0
59260.73561700329,3.483126241371696,0.0
59260.742561569234,1.5651939278790445,0.0
59260.74950613518,5.378605790499587,0.0
59260.756450700894,1.613479783671016,0.0
59260.763395266615,2.5702963436271435,0.0
59260.77033983233,3.215789890359815,0.0
59260.77728439781,2.5339160988088354,0.0
59260.78422896329,3.4944717823441014,0.0
59260.79117352877,8.114120229333068,0.0
59260.79811809426,1.558915298812658,0.0
59260.80506265974,2.4487935785949357,0.0
59260.81200722499,4.155550095062588,0.0
59260.818951790236,1.583337028052566,0.0
59260.82589635548,2.1105972216912785,0.0
59260.832840920506,2.6998966114513734,0.0
59260.83978548552,2.5276686549061926,0.0
59260.846730050536,3.365058410827933,0.0
59260.85367461555,2.3565129541687204,0.0
59260.86061918034,4.032353153399676,0.0
59260.867563745356,2.504338751131314,0.0
59260.874508309906,2.6541979698606646,0.0
59260.88145287469,3.554955243718251,0.0
59260.88839743924,0.9666973442800539,0.0
59260.89534200403,4.747410539448587,0.0
59260.902286568344,4.432053424462468,0.0
59260.90923113289,2.599776112471398,0.0
59260.91617569721,3.8808511636191048,0.0
59260.92312026177,2.667521329909285,0.0
59260.93006482585,6.230661023661041,0.0
59260.93700939017,6.203655248966221,0.0
59260.94395395425,3.530484244380953,0.0
59260.950898518335,3.5463821072280797,0.0
59260.957843082426,2.8429675823049605,0.0
59260.96478764651,5.122381278399153,0.0
59260.97173221036,3.2949287560196656,0.0
59260.97867677421,5.3866069483700665,0.0
59260.98562133806,5.268984321219073,0.0
59260.99256590169,4.483310297125587,0.0
59260.99951046554,4.069833523505377,0.0
59261.00645502916,3.859306227610067,0.0
59261.01339959254,2.5178984677463125,0.0
59261.02034415616,2.0372938109267262,0.0
59261.02728871955,5.276705578627336,0.0
59261.03423328294,3.1672811965362406,0.0
59261.041177846324,4.022397541006929,0.0
59261.04812240948,2.8515284235422866,0.0
59261.055066972636,3.429569398038575,0.0
59261.06201153579,2.434820361130666,0.0
59261.06895609894,6.43170816557401,0.0
59261.07590066186,0.27799692819614474,0.0
59261.08284522501,1.876223571607212,0.0
59261.08978978771,1.6112871047514108,0.0
59261.09673435063,-1.6591448923384542,0.0
59261.103678913314,4.334106396672438,0.0
59261.110623476234,2.9947029365186557,0.0
59261.11756803869,8.568337329224487,0.0
59261.12451260138,3.7563803264428706,0.0
59261.131457163836,3.7302015192947158,0.0
59261.13840172629,4.626822195692119,0.0
59261.145346288744,4.877329436073358,0.0
59261.152290851205,5.223915140766823,0.0
59261.159235413426,3.7365642873705993,0.0
59261.16617997565,3.8827268779051574,0.0
59261.17312453787,3.161415223982363,0.0
59261.18006909986,-0.8602217717688373,0.0
59261.18701366185,0.8715530204993988,0.0
59261.19395822384,2.1118482807003334,0.0
59261.20090278583,1.156016792493082,0.0
59261.20784734782,2.146589176154082,0.0
59261.21479190957,2.2250883548931144,0.0
59261.221736471336,2.901188982010762,0.0
59261.22868103286,1.9213115571368946,0.0
59261.235625594614,2.0432791789667633,0.0
59261.24257015614,4.528817467612378,0.0
59261.24951471767,-2.6454173520808792,0.0
59261.25645927919,-0.9966970559612464,0.0
59261.26340384048,4.981398785026078,0.0
59261.27034840177,0.5490140252768343,0.0
59261.27729296306,1.1126465812043493,0.0
59261.28423752412,3.1950961063299417,0.0
59261.29118208541,3.314864087603465,0.0
59261.29812664647,3.0305775450658694,0.0
59261.30507120753,4.3260297974005155,0.0
59261.31201576835,7.727682376424729,0.0
59261.318960329416,2.3355797022907256,0.0
59261.32590489024,1.4991268131881423,0.0
59261.33284945083,-1.2760635891139613,0.0
59261.339794011656,7.785334622480437,1.0
59261.34673857225,55.60618114681134,1.0
59261.353683132846,42.35207949405372,1.0
59261.36062769344,25.97570728253326,1.0
59261.367572253796,4.403863993266007,0.0
59261.374516814154,2.426876648972965,0.0
59261.38146137452,6.1217617797236485,0.0
59261.38840593488,3.549906163561552,0.0
59261.395350495004,2.1781384624273947,0.0
59261.40229505513,3.4256324854825935,0.0
59261.409239615256,2.0278153622196893,0.0
59261.41618417539,3.467182073539682,0.0
59261.42312873528,3.895797518796739,0.0
59261.430073295174,5.56561194371585,0.0
59261.43701785507,2.9378135439179953,0.0
59261.44396241496,3.292849691601484,0.0
59261.45090697463,5.485174058664745,0.0
59261.45785153429,3.836796507595145,0.0
59261.46479609395,5.1529137711422255,0.0
59261.471740653375,0.10387853173389772,0.0
59261.478685213035,1.8348518578221633,0.0
59261.48562977247,2.6598560899799484,0.0
59261.49257433166,6.064136488268692,0.0
59261.49951889109,4.085820231246519,0.0
59261.506463450285,4.521104701396654,0.0
59261.51340800949,4.965373316965492,0.0
59261.52035256868,3.22838973945668,0.0
59261.52729712764,4.258461769232582,0.0
59261.534241686604,3.876344060557203,0.0
59261.541186245566,3.7127210378924715,0.0
59261.548130804535,2.375334740385634,0.0
59261.55507536326,1.7934818002332893,0.0
59261.56201992199,1.2947414420049748,0.0
59261.56896448072,0.13036298550672254,0.0
59261.575909039224,6.123614112431901,0.0
59261.58285359795,-0.15218854520724495,0.0
59261.58979815645,2.824875393734917,0.0
59261.59674271471,3.1456300015156433,0.0
59261.60368727321,3.9994471177284914,0.0
59261.61063183147,5.439993896365717,0.0
59261.61757638974,2.6246369460290904,0.0
59261.624520948004,2.7016702529926095,0.0
59261.631465506034,0.9716946454879544,0.0
59261.638410064064,1.323571145154159,0.0
59261.6453546221,0.8259510630916129,0.0
59261.65229918013,1.1031325994429895,0.0
59261.65924373793,5.093433166798565,0.0
59261.66618829596,1.156076904521201,0.0
59261.673132853524,6.8263949278438165,0.0
59261.68007741132,-0.583260686281559,0.0
59261.68702196889,0.15922476199156843,0.0
59261.69396652646,1.943896875506246,0.0
59261.70091108402,2.9607355540649354,0.0
59261.70785564159,0.24765295955971378,0.0
59261.714800198926,-0.3718681178282157,0.0
59261.72174475626,4.263526951556639,0.0
59261.72868931359,4.7048989218004085,0.0
59261.73563387069,2.3134070213878895,0.0
59261.74257842779,1.5015425848277721,0.0
59261.749522984894,3.053190794059219,0.0
59261.75646754199,2.447660124488176,0.0
59261.76341209886,0.5067085024005383,0.0
59261.770356655725,2.1234603539544192,0.0
59261.7773012126,1.2793019268181869,0.0
59261.784245769464,4.007096166099402,0.0
59261.7911903261,4.5473975079503575,0.0
59261.79813488273,0.5720113632577661,0.0
59261.805079439364,4.372585391770177,0.0
59261.812023996,3.3953792715177125,0.0
59261.818968552405,4.302849519859239,0.0
59261.825913108805,1.9574569817176517,0.0
59261.832857665206,3.934498470314818,0.0
59261.83980222137,3.179988295850534,0.0
59261.84674677755,2.987759902070622,0.0
59261.853691333716,0.38350927924301104,0.0
59261.86063588988,4.907920422818432,0.0
59261.86758044582,5.076313472617096,0.0
59261.87452500175,1.3458627651147264,0.0
59261.881469557695,0.5563526847234261,0.0
59261.88841411363,0.4157307574289417,0.0
59261.89535866933,2.3831965961668375,0.0
59261.90230322503,6.019742271613853,0.0
59261.90924778074,1.5702361947038392,0.0
59261.91619233621,3.070367249629831,0.0
59261.92313689191,3.3043687167769717,0.0
59261.93008144738,2.8463786471928403,0.0
59261.93702600262,0.4080794676306734,0.0
59261.943970558095,2.244701225166815,0.0
59261.95091511333,2.1216729477741127,0.0
59261.95785966857,1.9008680524812744,0.0
59261.964804223804,3.084255215095525,0.0
59261.97174877881,2.3041303805302964,0.0
59261.97869333382,5.986254427038154,0.0
59261.98563788882,4.7957473446787064,0.0
59261.99258244359,-3.0189657946217245,0.0
59261.999526998596,3.0115879929502585,0.0
59262.006471553366,2.7958805201030366,0.0
59262.01341610791,0.7170105598221213,0.0
59262.02036066268,1.2040594824181237,0.0
59262.02730521722,4.118306254098556,0.0
59262.03424977176,0.8338919172509995,0.0
59262.041194326295,3.930021578002936,0.0
59262.04813888061,4.224351123594673,0.0
59262.05508343491,4.493241053511983,0.0
59262.06202798922,5.588455201702814,0.0
59262.06897254352,1.2925041337878342,0.0
59262.0759170976,2.7334664507952207,0.0
59262.082861651674,2.847415403127873,0.0
59262.089806205746,5.1230741002970674,0.0
59262.09675075982,4.902248086664132,0.0
59262.10369531366,0.8614571914192315,0.0
59262.110639867504,2.9561113555825975,0.0
59262.11758442111,5.16735108076769,0.0
59262.12452897495,3.1425152515634927,0.0
59262.131473528556,1.340524801245013,0.0
59262.13841808217,-1.9125877529086064,0.0
59262.145362635776,2.716598507098654,0.0
59262.15230718915,20.87280615796569,0.0
59262.15925174252,4.7787653837434245,0.0
59262.1661962959,4.856324018586617,0.0
59262.173140849045,3.022375858850219,0.0
59262.18008540242,3.0351205917731354,0.0
59262.18702995556,3.1002641640891926,0.0
59262.19397450847,5.253895430344415,0.0
59262.20091906161,3.8711236159909626,0.0
59262.20786361452,2.4092983104319505,0.0
59262.21480816743,3.251699147189342,0.0
59262.22175272034,6.634145178043541,0.0
59262.228697273014,3.8231343900891397,0.0
59262.23564182569,2.76627541960608,0.0
59262.24258637837,2.4112965542931653,0.0
59262.249530930814,3.2643352502720595,0.0
59262.25647548349,-1.8519880059408353,0.0
59262.26342003593,10.866816323821183,0.0
59262.27036458814,1.02667797179965,0.0
59262.27730914059,3.597930615413231,0.0
59262.2842536928,1.4013117579666226,0.0
59262.29119824501,1.9633349482540372,0.0
59262.29814279722,2.330663339046948,0.0
59262.305087349196,4.088120043924851,0.0
59262.31203190118,0.6518761170685003,0.0
59262.318976453156,2.4103847170733856,0.0
59262.3259210049,1.6225690002066173,0.0
59262.33286555688,1.6948425760988324,0.0
59262.33981010862,3.1483927866482713,0.0
59262.34675466014,-0.3858241225069641,0.0
59262.35369921188,3.668577301265289,0.0
59262.36064376339,1.9337114840052236,0.0
59262.367588314904,5.703714624756832,0.0
59262.37453286618,4.156126200485614,0.0
59262.3814774177,1.3784329706037663,0.0
59262.38842196898,4.024652341765497,0.0
59262.39536652026,3.333446328600041,0.0
59262.4023110713,2.8470405168183435,0.0
59262.40925562259,2.0013611115392065,0.0
59262.4162001734,3.3029944516265357,0.0
59262.423144724446,10.007641861202202,0.0
59262.43008927549,2.7719134752896872,0.0
59262.4370338263,3.4579401130128717,0.0
59262.44397837712,5.52573264881653,0.0
59262.4509229277,2.293396633184286,0.0
59262.457867478515,2.8132309415843997,0.0
59262.464812029095,4.3383230548113865,0.0
59262.47175657944,3.1703838813099035,0.0
59262.47870113003,3.1699058878067166,0.0
59262.485645680375,3.8802630669722102,0.0
59262.49259023072,1.3028648111011916,0.0
59262.49953478107,2.441054907357125,0.0
59262.50647933119,5.336423678992563,0.0
59262.513423881304,3.794361077166896,0.0
59262.52036843142,5.495813145914338,0.0
59262.52731298153,2.7050851794716064,0.0
59262.53425753141,4.195264685085676,0.0
59262.541202081295,3.453006638391328,0.0
59262.54814663118,1.3280434516158284,0.0
59262.55509118083,3.2345964981144526,0.0
59262.56203573048,2.6523188397000723,0.0
59262.56898028013,5.002451442247869,0.0
59262.57592482978,6.018538562888669,0.0
59262.5828693792,3.7477193251418583,0.0
59262.589813928615,2.1799950995059207,0.0
59262.59675847803,4.969922536314149,0.0
59262.603703027446,3.621735596179602,0.0
59262.61064757663,1.13132235233065,0.0
59262.61759212582,0.33571974149337946,0.0
59262.62453667477,2.426124560802606,0.0
59262.63148122395,1.7831017729569687,0.0
59262.6384257729,2.995122974092448,0.0
59262.64537032186,1.3113207435818766,0.0
59262.652314870575,1.5072121386428132,0.0
59262.659259419524,1.5722923883337154,0.0
59262.66620396824,2.387202560602855,0.0
59262.673148516726,3.141882073540776,0.0
59262.68009306545,1.7463418475072816,0.0
59262.687037613934,3.6035246945732773,0.0
59262.69398216242,3.625779046278896,0.0
59262.70092671067,1.3328153596548247,0.0
59262.707871259154,0.46358618850314115,0.0
59262.71481580741,0.7746286597053755,0.0
59262.721760355664,0.04006382681734366,0.0
59262.72870490368,2.3491818703547698,0.0
59262.7356494517,6.0376433631946655,0.0
59262.74259399972,1.100583099145312,0.0
59262.749538547745,5.731333374221121,0.0
59262.75648309553,2.683452199778052,0.0
59262.76342764332,3.0511652893024843,0.0
59262.7703721911,-0.4846086256695765,0.0
59262.77731673866,0.45326688427946593,0.0
59262.78426128645,2.5307444974996542,0.0
59262.791205834,4.912207693529094,0.0
59262.79815038132,4.535864395360476,0.0
59262.80509492887,2.6375971903917494,0.0
59262.81203947619,3.9527234590279896,0.0
59262.81898402352,2.124967511742883,0.0
59262.82592857061,1.5119529985367872,0.0
59262.832873117695,2.4532321589672517,0.0
59262.83981766478,2.0258085434722153,0.0
59262.84676221188,3.6130127759302395,0.0
59262.853706758964,3.129771403814355,0.0
59262.86065130582,3.07751491948946,0.0
59262.86759585267,1.736000731629206,0.0
59262.874540399294,4.598500539191848,0.0
59262.88148494592,3.8196478029047745,0.0
59262.888429492545,2.9205586147287024,0.0
59262.895374039166,1.956112951247901,0.0
59262.902318585555,4.093609559205751,0.0
59262.90926313218,1.0315453488526076,0.0
59262.91620767834,2.237073242536378,0.0
59262.92315222473,3.4655775498794545,0.0
59262.930096770884,2.3457992698024865,0.0
59262.93704131704,2.594071595340866,0.0
59262.943985863196,2.2709356813617196,0.0
59262.95093040936,1.5968125462598062,0.0
59262.95787495528,5.762180710057957,0.0
59262.964819501205,-0.05936216347521861,0.0
59262.971764046895,2.8608588156699644,0.0
59262.978708592585,7.215135537529099,0.0
59262.98565313828,2.9302230590458653,0.0
59262.99259768397,0.0029955780783298414,0.0
59262.99954222966,5.151631156283797,0.0
59263.00648677512,1.8074272374899172,0.0
59263.01343132058,5.743738105049658,0.0
59263.02037586581,8.553817720291253,0.0
59263.027320411034,3.105045106794073,0.0
59263.03426495626,5.049329724180631,0.0
59263.04120950148,1.6346721717737527,0.0
59263.048154046715,3.5541574155804003,0.0
59263.05509859171,5.756609120612092,0.0
59263.0620431367,2.8615241667235574,0.0
59263.06898768146,0.5857983013187511,0.0
59263.07593222622,4.772778171923982,0.0
59263.08287677098,3.106571786123463,0.0
59263.08982131574,3.795258292157902,0.0
59263.0967658605,3.2642507176519873,0.0
59263.10371040503,4.126257613981689,0.0
59263.11065494955,4.1804544316376715,0.0
59263.11759949385,3.195093099097842,0.0
59263.124544038146,4.796368870014554,0.0
59263.13148858244,4.978842229570147,0.0
59263.13843312673,2.5745853195065465,0.0
59263.14537767079,0.7071118926376807,0.0
59263.15232221509,4.609065181380887,0.0
59263.15926675892,-0.8040250678946759,0.0
59263.16621130298,5.114941493634115,0.0
59263.17315584681,2.1016487322547697,0.0
59263.18010039064,2.8427078315290837,0.0
59263.18704493447,1.6163245574344067,0.0
59263.193989478066,1.5421052284262793,0.0
59263.20093402166,4.049068738085904,0.0
59263.207878565256,1.3610128775617625,0.0
59263.21482310885,1.285548840744526,0.0
59263.22176765221,-0.22026334933077385,0.0
59263.22871219558,1.6755441971657978,0.0
59263.23565673871,2.404160739945132,0.0
59263.24260128207,3.695967424541836,0.0
59263.24954582521,8.611933159894047,0.0
59263.256490368105,3.5265946358472986,0.0
59263.263434911234,4.048775910880968,0.0
59263.27037945413,3.8220861543306555,0.0
59263.27732399703,0.6231442359276851,0.0
59263.28426853969,5.253052845337113,0.0
59263.29121308259,5.070442847567742,0.0
59263.29815762526,2.602857303999989,0.0
59263.30510216769,0.43577220711914333,0.0
59263.31204671035,1.8936445883223427,0.0
59263.31899125279,1.5922406016205086,0.0
59263.32593579522,0.30861320640894785,0.0
59263.33288033742,1.150526713181602,0.0
59263.33982487985,2.448116243579016,0.0
59263.34676942181,1.5255386599521037,0.0
59263.35371396401,-0.47511164239711534,0.0
59263.36065850598,2.2564946525594407,0.0
59263.36760304795,2.1976515011151476,0.0
59263.37454758991,2.7461175600970615,0.0
59263.38149213188,2.0968599040745337,0.0
59263.38843667361,2.9365665798226352,0.0
59263.39538121535,3.634632987202954,0.0
59263.40232575685,3.7838119837191178,0.0
59263.40927029858,2.259387266016888,0.0
59263.41621484008,4.425191306872358,0.0
59263.423159381346,2.5050452669565946,0.0
59263.43010392285,2.928425284081263,0.0
59263.43704846412,2.5500968305082106,0.0
59263.443993005385,3.1505582776139445,0.0
59263.45093754642,2.383045569946775,0.0
59263.45788208746,3.866058641557166,0.0
59263.46482662849,5.2393123697174495,0.0
59263.47177116953,4.348516509580287,0.0
59263.47871571033,2.1737670573270345,0.0
59263.48566025113,0.13056658871868498,0.0
59263.492604791936,2.1908114463872153,0.0
59263.499549332504,6.406225528177575,0.0
59263.50649387307,2.4087947985708844,0.0
59263.51343841364,6.028378287719024,0.0
59263.52038295421,3.136644403372631,0.0
59263.52732749455,0.07590470922782533,0.0
59263.534272034885,2.311472339646648,0.0
59263.54121657499,0.9665316190934103,0.0
59263.54816111532,3.489493362857719,0.0
59263.555105655425,5.011486856854078,0.0
59263.562050195535,3.324682511439776,0.0
59263.568994735404,2.4729252382034423,0.0
59263.57593927527,4.717960490509926,0.0
59263.58288381514,4.252397459616092,0.0
59263.58982835478,0.7218796987328728,0.0
59263.596772894656,1.919382936077989,0.0
59263.60371743429,4.015271053839671,0.0
59263.6106619737,2.163246378704846,0.0
59263.61760651939,3.6468636448629783,0.0
59263.62455105879,2.5305855492118248,0.0
59263.631495598194,4.674012801042034,0.0
59263.63844013737,3.3339232981313796,0.0
59263.64538467654,3.2832233015947265,0.0
59263.652329215714,0.9446226726810594,0.0
59263.65927375466,2.9874538772700445,0.0
59263.66621829383,1.9376120784421715,0.0
59263.673162832536,2.7092959238437,0.0
59263.680107371474,0.6192295966514124,0.0
59263.68705191018,0.8821112662969244,0.0
59263.693996448885,5.246428122690453,0.0
59263.7009409876,1.613997344261183,0.0
59263.70788552607,3.1245218895118643,0.0
59263.71483006454,1.7842222806631025,0.0
59263.721774603015,2.8725261331342145,0.0
59263.72871914149,2.8029038565971094,0.0
59263.735663679734,-1.6364910636159786,0.0
59263.74260821797,1.7189808939613052,0.0
59263.74955275598,2.977985787726762,0.0
59263.75649729399,3.5502821034517353,0.0
59263.763441831994,2.895159452141123,0.0
59263.77038637001,-0.10103564816058419,0.0
59263.77733090778,3.8347615196711287,0.0
59263.784275445556,0.32819493316321446,0.0
59263.79121998333,3.762976899355885,0.0
59263.79816452087,2.6049279812269948,0.0
59263.80510905842,1.5657672105057654,0.0
59263.81205359596,4.426298345706428,0.0
59263.8189981335,3.7840458114677364,0.0
59263.82594267081,3.065443417171083,0.0
59263.83288720812,2.8253579279592413,0.0
59263.8398317452,3.153220291923944,0.0
59263.84677628228,2.8134028486871396,0.0
59263.85372081935,3.262222546911169,0.0
59263.86066535643,-0.12367597606905845,0.0
59263.86760989328,4.607261317776066,0.0
59263.87455443012,2.5115436271405156,0.0
59263.88149896696,3.814674772505162,0.0
59263.88844350357,3.519829234325048,0.0
59263.89538804018,5.6189168009720545,0.0
59263.90233257679,1.6138681806497042,0.0
59263.909277113176,3.638231419648653,0.0
59263.91622164955,2.80361677784125,0.0
59263.92316618593,-0.04805193862808732,0.0
59263.93011072231,3.0910037725882753,0.0
59263.93705525846,2.019911243156324,0.0
59263.9439997946,4.039135234679017,0.0
59263.950944330514,2.196594670591256,0.0
59263.957888866425,2.6333597973190237,0.0
59263.96483340234,2.96534159769176,0.0
59263.97177793825,1.815887935034707,0.0
59263.978722473934,4.551048260631402,0.0
59263.98566700961,2.118385010742563,0.0
59263.99261154529,4.447519654582686,0.0
59263.99955608074,3.3606165870756763,0.0
59264.00650061619,1.3060959173670907,0.0
59264.013445151635,2.3688855296835754,0.0
59264.02038968685,2.0777627584959655,0.0
59264.02733422229,3.3137060719984364,0.0
59264.03427875727,0.8691266333651391,0.0
59264.04122329249,5.352477476911128,0.0
59264.048167827474,3.005413429658468,0.0
59264.055112362454,4.584029159920699,0.0
59264.0620568972,2.5866772659991053,0.0
59264.06900143195,0.37636353830682,0.0
59264.0759459667,3.7306716061376366,0.0
59264.08289050145,3.814398062898189,0.0
59264.089835035964,1.6890052926964345,0.0
59264.09677957048,2.4439865152042763,0.0
59264.10372410476,3.752260964657309,0.0
59264.110668639274,2.4693416634999137,0.0
59264.11761317356,2.440292482068596,0.0
59264.12455770761,1.7692484972363764,0.0
59264.13150224189,1.0988213028569698,0.0
59264.13844677594,2.9988327791771328,0.0
59264.145391309765,3.4058386573174375,0.0
59264.15233584381,1.1547027637920209,0.0
59264.15928037763,2.264378816036813,0.0
59264.16622491121,2.019639070959678,0.0
59264.17316944503,1.0088614554736626,0.0
59264.18011397862,2.056020366490719,0.0
59264.18705851197,-1.3554429219019788,0.0
59264.19400304555,0.4389127415822435,0.0
59264.2009475789,2.239927478822601,0.0
59264.20789211225,2.219335473731781,0.0
59264.21483664538,2.8061535933086605,0.0
59264.221781178494,1.7896337283257355,0.0
59264.22872571161,0.3874345567454558,0.0
59264.235670244496,1.9248731708626379,0.0
59264.24261477761,3.1193638151021217,0.0
59264.249559310265,0.11741838076524103,0.0
59264.25650384316,1.7853478008069241,0.0
59264.26344837581,1.5953935577117355,0.0
59264.27039290846,3.766287049631461,0.0
59264.27733744088,8.224368477533854,0.0
59264.28428197354,1.0198176579308404,0.0
59264.291226505724,2.775042375500904,0.0
59264.29817103814,7.245815905646611,0.0
59264.30511557033,1.8933750592277905,0.0
59264.312060102515,0.9431725823461196,0.0
59264.319004634475,2.64823547541073,0.0
59264.32594916666,2.581797279581826,0.0
59264.332893698614,3.5047341151448768,0.0
59264.339838230335,0.5114915064415781,0.0
59264.346782762055,6.216272949978789,0.0
59264.353727293776,2.7947982298954726,0.0
59264.3606718255,0.5189390389451182,0.0
59264.36761635699,1.884071863035868,0.0
59264.37456088848,1.072335946217534,0.0
59264.38150541973,3.3605886446386477,0.0
59264.38844995123,0.3452700556563081,0.0
59264.39539448225,4.223655861122253,0.0
59264.402339013504,1.3573605030875757,0.0
59264.409283544526,6.204526747922314,0.0
59264.41622807555,1.0276585441651689,0.0
59264.42317260658,5.398450168012927,0.0
59264.430117137366,4.963083324942982,0.0
59264.437061668155,1.0403905791948433,0.0
59264.44400619871,1.0956519238446734,0.0
59264.4509507295,5.296376871264224,0.0
59264.45789525983,2.7370273495113686,0.0
59264.46483979039,3.602188910786077,0.0
59264.47178432071,0.25292995756992664,0.0
59264.478728851034,2.8939407242034045,0.0
59264.48567338136,1.7092362188768842,0.0
59264.492617911455,0.5593998736408239,0.0
59264.499562441546,1.8740046942658575,0.0
59264.506506971404,3.5490966817694267,0.0
59264.51345150126,1.6857648528413205,0.0
59264.52039603112,2.4598822525643227,0.0
59264.527340560984,1.6098859034158468,0.0
59264.53428509061,2.621209154443612,0.0
59264.541229620234,2.332321189286882,0.0
59264.548174149626,2.5606718320842115,0.0
59264.55511867902,2.6142569030026652,0.0
59264.56206320842,1.3744796618367463,0.0
59264.56900773758,3.3604779135885705,0.0
59264.57595226697,-0.10712503250943417,0.0
59264.582896795895,4.780688368518056,0.0
59264.589841325054,2.025633945225293,0.0
59264.59678585398,0.7391839861414482,0.0
59264.603730382914,1.2865202042322044,0.0
59264.61067491161,1.816609312483502,0.0
59264.6176194403,2.1009759091340583,0.0
59264.624563968995,3.1668460587363905,0.0
59264.631508497456,3.9085601675336026,0.0
59264.638453025924,3.5004374427627614,0.0
59264.645397554385,3.197767124311871,0.0
59264.65234208261,1.109927779768468,0.0
59264.65928661084,1.964764755971498,0.0
59264.66623113907,4.227206852513374,0.0
59264.67317566707,2.6916860286757305,0.0
59264.680120195066,0.9973845794553571,0.0
59264.68706472283,0.2845674616599452,0.0
59264.69400925082,1.132367610329661,0.0
59264.70095377836,2.1591672569992455,0.0
59264.70789830612,0.8869939511288574,0.0
59264.71484283365,1.8351951113535012,0.0
59264.72178736118,2.2558751526071354,0.0
59264.72873188848,4.293020400934755,0.0
59264.735676415774,4.627801716299939,0.0
59264.74262094308,4.782232842837909,0.0
59264.749565470374,2.2542189154577548,0.0
59264.75650999744,8.3498108689924,0.0
59264.76345452427,3.985064504330593,0.0
59264.77039905134,1.2109349239768916,0.0
59264.77734357817,4.2636962742194795,0.0
59264.78428810477,-0.10677753076678786,0.0
59264.7912326316,4.302894674244254,0.0
59264.7981771582,1.8552415073436657,0.0
59264.80512168457,2.634504683580496,0.0
59264.812066210936,2.3032869092877366,0.0
59264.8190107373,1.5784150216290382,0.0
59264.82595526367,5.206503107442967,0.0
59264.8328997898,3.2608612789607334,0.0
59264.83984431593,5.229474583705399,0.0
59264.84678884184,1.6345141899875286,0.0
59264.85373336774,4.338805786655181,0.0
59264.86067789364,2.648638667484782,0.0
59264.867622419304,0.3154928667019632,0.0
59264.87456694497,5.248139580422441,0.0
59264.881511470645,-0.18765301136208368,0.0
59264.88845599608,1.9454326742862385,0.0
59264.89540052151,-1.127575870048067,0.0
59264.902345046714,1.2296034650232652,0.0
59264.90928957192,4.971786025111998,0.0
59264.91623409712,0.5742529187242926,0.0
59264.923178622324,2.710826302625912,0.0
59264.93012314729,2.012630331640505,0.0
59264.93706767203,1.9874887137717065,0.0
59264.944012197,1.4625992746356078,0.0
59264.95095672174,3.5812070803117075,0.0
59264.95790124624,2.76773042307034,0.0
59264.964845770744,1.2141450234129223,0.0
59264.97179029525,4.982828561469637,0.0
59264.97873481975,1.1266279270210982,0.0
59264.98567934403,6.152061472821371,0.0
59264.9926238683,2.168580278087526,0.0
59264.99956839233,4.710997021528648,0.0
59265.00651291637,0.6651688267638329,0.0
59265.01345744041,0.9234248744498715,0.0
59265.02040196422,2.517549432386721,0.0
59265.02734648802,0.45400506308432,0.0
59265.034291011594,-0.7546875074511404,0.0
59265.041235535165,0.9752493295184129,0.0
59265.04818005874,2.508251357434749,0.0
59265.055124582315,1.35996675246728,0.0
59265.062069105654,5.240166415351713,0.0
59265.06901362876,1.1429907027719757,0.0
59265.0759581521,2.7110919802818594,0.0
59265.08290267497,3.3371081291390574,0.0
59265.08984719808,3.373799082024509,0.0
59265.09679172096,1.1173615891903137,0.0
59265.10373624383,2.512809059587117,0.0
59265.11068076647,1.9110046590985017,0.0
59265.11762528911,1.9217260469883934,0.0
59265.12456981176,3.7267220617025947,0.0
59265.13151433416,1.8581747262380002,0.0
59265.13845885657,2.825669477803469,0.0
59265.145403378745,3.7768532724591912,0.0
59265.15234790092,5.800380091931091,0.0
59265.15929242309,-0.22238423651440187,0.0
59265.16623694504,1.2366107142070035,0.0
59265.173181466984,-0.4917361104929747,0.0
59265.180125988925,0.7057557102292651,0.0
59265.187070510634,-1.5136998599029163,0.0
59265.19401503235,2.1656477581069726,0.0
59265.200959553826,2.7652970402344454,0.0
59265.2079040753,3.4615566088448655,0.0
59265.21484859678,4.5383868740486495,0.0
59265.22179311802,3.8694341942564474,0.0
59265.22873763927,2.6190481837771302,0.0
59265.23568216028,1.4904391305274942,0.0
59265.24262668129,2.535949859303642,0.0
59265.2495712023,2.7297782708564826,0.0
59265.25651572308,1.052773397437844,0.0
59265.263460243856,2.341590777440837,0.0
59265.27040476441,3.970933089736976,0.0
59265.27734928495,3.4120958036238864,0.0
59265.2842938055,0.9190061886145028,0.0
59265.29123832581,4.357001276880528,0.0
59265.29818284612,1.4431780642880252,0.0
59265.30512736644,1.9477635623323324,0.0
59265.31207188652,4.271601168843839,0.0
59265.31901640636,1.6571309319743834,0.0
59265.32596092644,1.1213125573637868,0.0
59265.33290544606,2.635485305375459,0.0
59265.33984996591,3.630896543944705,0.0
59265.34679448552,1.3900379958372244,0.0
59265.353739005135,2.589115659923486,0.0
59265.360683524515,2.060097176114379,0.0
59265.367628043896,4.491285902175552,0.0
59265.37457256304,1.9023104792848056,0.0
59265.3815170822,0.5438360410026184,0.0
59265.388461601346,5.142028809022662,0.0
59265.39540612026,4.07186896987073,0.0
59265.40235063918,2.111689648709422,0.0
59265.409295157864,3.4013554518213582,0.0
59265.41623967678,2.5603271955736555,0.0
59265.42318419523,1.1882228243632584,0.0
59265.43012871368,2.8676489467699913,0.0
59265.437073232126,3.2815705749876223,0.0
59265.44401775035,3.6232260052017082,0.0
59265.450962268565,3.693117178224397,0.0
59265.45790678678,1.4223600546913904,0.0
59265.464851304765,2.5352055795321036,0.0
59265.47179582275,4.731275983221993,0.0
59265.478740340506,1.5681663259082144,0.0
59265.48568485826,2.387562339106034,0.0
59265.492629375774,1.9464910681971244,0.0
59265.499573893525,2.2255906465968565,0.0
59265.50651841081,2.9587764523899938,0.0
59265.5134629281,-0.14309154504788413,0.0
59265.52040744539,3.7435174362696766,0.0
59265.52735196267,2.2789453151268066,0.0
59265.53429647949,2.203691725937589,0.0
59265.54124099654,-0.04324163658075264,0.0
59265.54818551337,1.2581515307435622,0.0
59265.55513003019,0.4047695224401042,0.0
59265.562074546775,1.7004342590719064,0.0
59265.56901906336,1.9661338576945824,0.0
59265.575963579715,0.40867448353452795,0.0
59265.58290809607,0.4572824175055936,0.0
59265.58985261243,4.063663169420115,0.0
59265.59679712855,3.33558923115807,0.0
59265.60374164467,2.701002020199332,0.0
59265.88152220201,3.341504836529687,0.0
59265.88846671371,4.534284305174806,0.0
59265.89541122541,0.554531958594918,0.0
59265.90235573688,2.8176968872865142,0.0
59265.90930024834,0.033600764707001574,0.0
59265.91624475957,0.28858767699352894,0.0
59265.923189270805,-1.7706187134082576,0.0
59265.930133782036,12.380152773775443,0.0
59265.937078293035,1.3078510184001138,0.0
59265.9440228038,0.43325253580987866,0.0
59265.95096731457,4.099242394827491,0.0
59265.95791182534,7.129408706291569,0.0
59265.96485633587,6.317705443072383,0.0
59265.97180084617,3.998512345326853,0.0
59265.97874535648,9.0777759154027,0.0
59265.98568986678,5.009975320373654,0.0
59265.992634376846,-1.7819461759961879,0.0
59265.99957888691,4.333659659516407,0.0
59266.00652339675,3.403831918733216,0.0
59266.01346790658,-0.7543460319178128,0.0
59266.02041241619,6.491938314339455,0.0
59266.02735692579,3.129157051040271,0.0
59266.03430143516,2.2751050037911256,0.0
59266.041245944296,-3.570206266833293,0.0
59266.048190453665,1.0397711970235974,0.0
59266.055134962575,0.1525906735114071,0.0
59266.06207947171,-1.8851139039001796,0.0
59266.06902398038,-1.3648633585607426,0.0
59266.075968489284,-5.905639696277131,0.0
59266.08291299772,-1.8513873647460537,0.0
59266.0898575064,-6.957582997535557,0.0
59266.0968020146,-1.2129564632398209,0.0
59266.10374652304,-3.6138087045659693,0.0
59266.11069103101,-0.7567812250152772,0.0
59266.117635539216,-4.404354572359323,0.0
59266.124580047195,-3.1906129344159644,0.0
59266.131524554934,-1.0203592793354703,0.0
59266.13846906267,-7.558011503031584,0.0
59266.14541357018,-4.7296018659637795,0.0
59266.152358077685,-2.0779248887815434,0.0
59266.159302584965,-2.9927987783956134,0.0
59266.166247092006,-2.4459429792713907,0.0
59266.17319159928,-4.601393746082167,0.0
59266.180136106086,-6.633670222877249,0.0
59266.18708061313,-5.486948065519867,0.0
59266.19402511971,-4.380006064126935,0.0
59266.200969626516,-5.827809096056399,0.0
59266.20791413286,-1.116191224541818,0.0
59266.2148586392,-6.387643562544384,0.0
59266.22180314554,-5.447632881558519,0.0
59266.22874765165,-2.631956658075045,0.0
59266.23569215777,-4.161101807434548,0.0
59266.24263666364,-5.476299883894475,0.0
59266.249581169286,-1.940675316620125,0.0
59266.25652567493,-4.41804984100007,0.0
59266.26347018057,-4.16022827798645,0.0
59266.27041468598,-3.7298013794837304,0.0
59266.27735919117,-4.897041104182854,0.0
59266.284303696346,-5.670019225992361,0.0
59266.29124820152,-3.9735694025359765,0.0
59266.29819270647,-3.4204477316933115,0.0
59266.30513721119,-5.050888729388366,0.0
59266.3120817159,-6.442296014715113,0.0
59266.31902622038,-5.9097213633790435,0.0
59266.32597072486,-2.4161179404013873,0.0
59266.33291522934,-5.802834290318991,0.0
59266.33985973335,-6.470044274946545,0.0
59266.346804237604,-7.52864110140525,0.0
59266.353748741385,-3.1808854691292474,0.0
59266.3606932454,-2.8712147604977063,0.0
59266.36763774895,-5.4311959865766735,0.0
59266.374582252494,-5.0421201533847855,0.0
59266.38152675605,-7.1053204267556005,0.0
59266.388471259364,-1.3981690486706517,0.0
59266.39541576268,-8.288163553955716,0.0
59266.40236026576,-4.416053164634112,0.0
59266.40930476861,-7.061207988400147,0.0
59266.41624927147,-9.089050976091986,0.0
59266.423193774084,-2.9718415406701304,0.0
59266.4301382767,-4.7218763306038145,0.0
59266.43708277932,-2.89974234522204,0.0
59266.44402728147,-5.0001743095474085,0.0
59266.45097178385,-8.791548412684326,0.0
59266.45791628601,-8.178226847330208,0.0
59266.46486078793,-4.9326637537310045,0.0
59266.47180528961,-6.746508848199244,0.0
59266.47874979153,-6.592827628599435,0.0
59266.485694292984,-1.6356735854667677,0.0
59266.49263879444,-8.613810034735792,0.0
59266.499583295896,-3.7071395618129186,0.0
59266.506527797115,-5.76061239270007,0.0
59266.513472298335,-7.674056533653097,0.0
59266.52041679932,-6.040249643674954,0.0
59266.52736130008,-4.960687382122731,0.0
59266.53430580084,-2.3675419258538044,0.0
59266.54125030136,-5.658897302196218,0.0
59266.54819480188,-3.564518849114583,0.0
59266.5551393024,-5.639308450799175,0.0
59266.562083802695,-5.241406809758125,0.0
59266.56902830275,-2.51442246703071,0.0
59266.575972802806,-2.13465696603647,0.0
59266.58291730263,-3.7401332390411115,0.0
59266.58986180245,0.5955959952071737,0.0
59266.59680630205,-4.637590500702385,0.0
59266.60375080164,-6.778685560211839,0.0
59266.610695300995,-2.745854403911176,0.0
59266.61763980035,-3.49270291983632,0.0
59266.624584299476,-4.456906031725518,0.0
59266.63152879861,-2.707205088057791,0.0
59266.6384732975,-3.5008785711197006,0.0
59266.64541779639,-6.525185086904335,0.0
59268.08987543484,-1.3079241807565722,0.0
59268.096819964,2.9315293782226775,0.0
59271.52046870366,1.9307402044410789,0.0
59271.5274132107,1.6532684725855247,0.0
59271.534357717515,1.7742595110292327,0.0
59271.54130222409,-2.0590837985202826,0.0
59271.5482467309,0.99154356095473,0.0
59271.55519123747,2.580609696980923,0.0
59271.56213574405,-0.2313240689938867,0.0
59271.56908025063,1.5652203322169504,0.0
59271.57602475697,-1.2114803594547867,0.0
59271.58296926331,3.6275165102171165,0.0
59271.589913769654,4.970766286773005,0.0
59271.596858275996,1.2489219466263062,0.0
59271.603802782105,2.9352101718896786,0.0
59271.610747288214,2.1750066351503814,0.0
59271.61769179433,0.42908551617808144,0.0
59271.62463630044,0.47370502969101336,0.0
59271.631580806315,1.819124493590811,0.0
59271.638525312424,2.5457238371909083,0.0
59271.64546981807,1.4631577804706493,0.0
59271.65241432395,3.0184385143491697,0.0
59271.659358829595,1.6686718557322786,0.0
59271.66630333547,2.276926065864058,0.0
59271.67324784088,1.0338178522530976,0.0
59271.680192346525,2.9606244693204053,0.0
59271.687136851935,2.6957184745768714,0.0
59271.69408135735,0.061212144623480125,0.0
59271.70102586276,1.8698733143006694,0.0
59271.707970368174,-1.1147293352932754,0.0
59271.71491487335,-1.7765333184671552,0.0
59271.72185937853,0.7141399572396625,0.0
59271.72880388371,-0.30912938811763113,0.0
59271.73574838865,0.597542041842634,0.0
59271.74269289384,0.4338926303358638,0.0
59271.74963739878,-3.6065182734647303,0.0
59271.75658190349,0.8097307391199287,0.0
59271.76352640844,-1.728083258881215,0.0
59271.77047091315,-0.4465939271734828,0.0
59271.77741541786,2.1666940693642864,0.0
59271.78435992258,-0.09559923662669778,0.0
59271.79130442706,-0.6326746076476238,0.0
59271.79824893154,-0.6764990228463059,0.0
59271.80519343602,1.5898146903818402,0.0
59271.8121379405,1.7607496484594534,0.0
59271.819082444745,1.8903376430034176,0.0
59271.826026949,-2.1898836252132767,0.0
59271.832971453245,-3.590498098707381,0.0
59271.83991595749,2.353996757678336,0.0
59271.846860461505,0.8367733019310793,0.0
59271.85380496575,0.396008144911691,0.0
59271.86074946953,-1.9238257717616603,0.0
59271.86769397355,0.6231224346179597,0.0
59271.87463847733,-0.6892469915202601,0.0
59271.881582981114,1.5885145998004644,0.0
59271.888527484894,2.5126171260416053,0.0
59271.895471988675,-1.437211767463811,0.0
59271.90241649223,-1.6843655569530034,0.0
59271.90936099578,-0.019923708115331173,0.0
59271.916305499326,-0.7418525483064466,0.0
59271.923250002874,0.38453134175485704,0.0
59271.93019450619,0.9381552356386991,0.0
59271.937139009504,0.16910199609835908,0.0
59271.944083512826,2.418786516924509,0.0
59271.95102801591,1.2910433647835022,0.0
59271.95797251899,1.5483600432635791,0.0
59271.96491702207,1.2894880127320345,0.0
59271.971861525155,2.3950626416233165,0.0
59271.978806028004,1.4477062831959358,0.0
59271.985750531094,-0.046217950998661494,0.0
59271.99269503394,1.4966355587006177,0.0
59271.99963953656,1.11610614331877,0.0
59272.00658403941,2.0997038939376518,0.0
59272.013528542026,1.1319074976199677,0.0
59272.02047304464,4.267004580898952,0.0
59272.02741754726,0.351168646133612,0.0
59272.03436204965,3.620499089806266,0.0
59272.04130655203,0.4732103310140596,0.0
59272.04825105442,3.443520606184143,0.0
59272.0551955568,6.111270342778432,0.0
59272.06214005895,-0.1287125054328906,0.0
59272.06908456111,0.9194338406678646,0.0
59272.07602906326,3.1285545831717716,0.0
59272.08297356518,0.14263572978129457,0.0
59272.08991806733,1.5548856968814009,0.0
59272.09686256925,0.496823037945742,0.0
59272.103807071166,1.943425243184525,0.0
59272.11075157285,1.1036022028424397,0.0
59272.117696074776,1.2563674800208815,0.0
59272.12464057646,3.6773140283083072,0.0
59272.131585077914,1.7355155106282194,0.0
59272.1385295796,1.0572369665851356,0.0
59272.14547408105,1.8981824525057793,0.0
59272.15241858251,-0.12238088260905489,0.0
59272.15936308396,1.0891237326308922,0.0
59272.16630758518,2.8857059010840915,0.0
59272.173252086635,0.5609017350663692,0.0
59272.18019658762,1.5172342805335173,0.0
59272.18714108884,2.714875315517283,0.0
59272.19408559006,2.6761620800397377,0.0
59272.201030091055,1.4167191510265682,0.0
59272.20797459204,1.0132461140351052,0.0
59272.214919092796,2.672557746501042,0.0
59272.22186359378,1.9996595618833255,0.0
59272.228808094536,3.091984692278373,0.0
59272.2357525953,-0.8722813004604618,0.0
59272.24269709582,2.214836524511088,0.0
59272.24964159657,1.44277381099075,0.0
59272.25658609709,0.23592081039451251,0.0
59272.263530597615,0.07701436139052831,0.0
59272.2704750979,3.016214664572853,0.0
59272.277419598424,1.6136151420216873,0.0
59272.28436409872,1.8494602978958614,0.0
59272.29130859901,2.844842998896576,0.0
59272.29825309906,0.37885617154083406,0.0
59272.30519759912,-1.2304803345095567,0.0
59272.312142099174,-0.059374101451528605,0.0
59272.31908659923,3.1641911507038,0.0
59272.32603109929,0.283192217618514,0.0
59272.332975599114,3.8562075287087345,0.0
59272.33992009894,-1.0554997123528655,0.0
59272.34686459876,-1.4098097489362982,0.0
59272.35380909835,1.5728963118315793,0.0
59272.36075359794,-1.6406595452283719,0.0
59272.367698097536,1.0899845172363003,0.0
59272.374642597126,3.3258265307660304,0.0
59272.381587096716,2.4657281968967895,0.0
59272.38853159607,-0.31662213668971395,0.0
59272.39547609543,3.637821596900453,0.0
59272.40242059456,0.3039433149615145,0.0
59272.40936509392,0.2282660035530384,0.0
59272.41630959304,0.6334647654413581,0.0
59272.423254092166,0.005586720958374869,0.0
59272.43019859106,-0.01754279885444565,0.0
59272.43714309018,1.2442562845297158,0.0
59272.44408758907,1.6043469089864544,0.0
59272.45103208797,1.8936616671902577,0.0
59272.45797658663,1.3112136323185564,0.0
59272.46492108552,0.6079833567978832,0.0
59272.47186558418,2.910868006942055,0.0
59272.478810082604,0.5220529077075093,0.0
59272.48575458126,2.5059437805415223,0.0
59272.492699079696,2.9684676843262183,0.0
59272.49964357812,3.3601836157290412,0.0
59272.50658807655,3.9883292268260977,0.0
59272.51353257497,-0.1603562675310911,0.0
59272.520477073165,2.2895769024046118,0.0
59272.52742157136,2.0422348910846138,0.0
59272.534366069325,-0.8295275046848689,0.0
59272.54131056752,2.7200623730334836,0.0
59272.54825506548,1.5935697690507054,0.0
59272.55519956344,1.3881591711754453,0.0
59272.5621440614,2.0130811350674067,0.0
59272.569088559125,3.8003329856430974,0.0
59272.57603305686,2.809948968546738,0.0
59272.582977554586,2.7201648806358394,0.0
59272.58992205231,3.407448024354923,0.0
59272.59686654981,-2.8694151823495124,0.0
59272.6038110473,0.6492390157412771,0.0
59272.610755544796,3.508587287303742,0.0
59272.61770004229,-4.282089847809371,0.0
59272.62464453956,4.12472116224137,0.0
59272.63158903682,2.006227657897975,0.0
59272.63853353408,1.8155009756985039,0.0
59272.64547803134,0.870965662172154,0.0
59272.65242252837,-0.2559090688024628,0.0
59272.6593670254,2.419334283137447,0.0
59272.66631152244,1.1463907544657312,0.0
59272.67325601923,1.4733347674633803,0.0
59272.68020051626,2.3677375782168966,0.0
59272.68714501306,1.6503358725971586,0.0
59272.69408950962,0.5070320348022617,0.0
59272.701034006415,-0.7187269997639554,0.0
59272.707978502985,3.647449816557912,0.0
59272.71492299955,0.25130329807850593,0.0
59272.72186749611,8.555777945779758,0.0
59272.72881199244,1.4685997729552833,0.0
59272.73575648877,0.3496689088852487,0.0
59272.74270098511,0.13980284133583853,0.0
59272.74964548144,1.0776688149901148,0.0
59272.756589977536,0.8600865927925274,0.0
59272.76353447363,0.34909146555217263,0.0
59272.77047896973,-1.9186906736211449,0.0
59272.77742346583,0.6168376060379016,0.0
59272.78436796169,0.8881886689402938,0.0
59272.791312457564,1.31977748979355,0.0
59272.79825695343,-0.6729432944469428,0.0
59272.80520144929,-1.284609721100419,0.0
59272.812145944925,4.124698491022539,0.0
59272.81909044056,-1.3852577772533339,0.0
59272.82603493619,-0.5255892295880822,0.0
59272.832979431594,-1.2689456355472113,0.0
59272.839923927226,2.72282055681831,0.0
59272.846868422625,3.4168112410414877,0.0
59272.85381291779,2.206419822006124,0.0
59272.86075741319,-0.1886657445314458,0.0
59272.867701908355,2.3527914026405274,0.0
59272.87464640353,2.171241161859889,0.0
59272.881590898694,0.8340597972178496,0.0
59272.88853539363,2.05585800088869,0.0
59272.89547988856,1.5898691166794587,0.0
59272.902424383494,0.0742499334706398,0.0
59272.909368878434,1.3982368040095012,0.0
59272.916313373134,-0.3653405181830096,0.0
59272.923257867835,1.752588075340606,0.0
59272.930202362535,1.441709265497491,0.0
59272.937146857235,2.138981764033067,0.0
59272.9440913517,3.6472099823030315,0.0
59272.95103584617,-0.16729185967126092,0.0
59272.95798034064,3.8007194317910944,0.0
59272.96492483511,5.619610265567095,0.0
59272.97186932935,0.04751037619658427,0.0
59272.97881382358,3.443088131753672,0.0
59272.98575831782,2.173995188847022,0.0
59272.99270281182,-1.7418109392072783,0.0
59272.99964730606,-0.04251781306051572,0.0
59273.00659180006,-0.20377041763973214,0.0
59273.01353629383,-1.8657636893501617,0.0
59273.02048078783,3.6950489456134172,0.0
59273.0274252816,-0.019660974040013546,0.0
59273.03436977537,3.713823033074881,0.0
59273.04131426915,3.174229509427704,0.0
59273.04825876268,3.1649319243336578,0.0
59273.05520325622,1.8377775395370597,0.0
59273.062147749755,3.2362948221985737,0.0
59273.06909224329,1.7934663227142584,0.0
59273.076036736595,0.6640171686569419,0.0
59273.0829812299,0.9050448387780108,0.0
59273.08992572321,2.7698976018214747,0.0
59273.09687021651,-3.097774983007265,0.0
59273.10381470958,2.841147457407552,0.0
59273.11075920265,0.8206657864166135,0.0
59273.11770369572,1.0253082372965614,0.0
59273.124648188794,2.98371483610756,0.0
59273.13159268164,-1.4047741738730624,0.0
59273.13853717448,4.324835404534612,0.0
59273.145481667314,0.8344514229006545,0.0
59273.15242615992,2.738100982988157,0.0
59273.159370652524,-1.1838224962117436,0.0
59273.16631514513,-0.16020295898730486,0.0
59273.17325963774,1.6477029176913378,0.0
59273.18020413011,2.2915970798156264,0.0
59273.18714862272,2.9804304650750995,0.0
59273.19409311509,0.16810165783432407,0.0
59273.20103760723,0.3350278071207965,0.0
59273.2079820996,2.2498875356168595,0.0
59273.21492659174,2.523911738767769,0.0
59273.221871083886,2.591473022987997,0.0
59273.22881557579,0.3870348216056405,0.0
59273.23576006793,0.6495835835852583,0.0
59273.24270455984,3.417373843234221,0.0
59273.24964905151,2.7597532340401734,0.0
59273.256593543425,-1.1775838498220919,0.0
59273.2635380351,2.604853238364772,0.0
59273.27048252677,2.594556152777314,0.0
59273.277427018445,0.9584769763663206,0.0
59273.28437151012,3.73293964687693,0.0
59273.29131600156,2.1330338661670836,0.0
59273.298260493,3.2053650855746234,0.0
59273.30520498445,2.6944537310756127,0.0
59273.312149475656,4.421470177092934,0.0
59273.319093966864,0.08075880241345579,0.0
59273.32603845807,3.5187976412453024,0.0
59273.33298294928,0.5131603507340259,0.0
59273.339927440255,2.7468130834820785,0.0
59273.34687193124,-1.1977598280066315,0.0
59273.35381642221,2.6060822624391426,0.0
59273.36076091319,2.7154731630471574,0.0
59273.36770540393,3.759117655193604,0.0
59273.37464989467,0.37417167600156753,0.0
59273.38159438541,1.4957055827437626,0.0
59273.38853887616,-2.8788349844839756,0.0
59273.39548336667,2.365177307102335,0.0
59273.40242785718,5.007867340634952,0.0
59273.40937234769,1.9138489685974922,0.0
59273.41631683797,0.15906644972438932,0.0
59273.42326132848,0.9557236403921026,0.0
59273.43020581875,3.0209198726670343,0.0
59273.437150308804,0.6714807120227442,0.0
59273.44409479908,-1.1159800062671958,0.0
59273.451039289124,3.0208477958003668,0.0
59273.45798377917,0.6842891571588483,0.0
59273.46492826898,4.596582067525597,0.0
59273.47187275902,0.6243260468122824,0.0
59273.47881724884,2.9143273435882735,0.0
59273.48576173865,-1.093511579431283,0.0
59273.49270622823,1.6177041267130177,0.0
59273.49965071804,-0.1082972844938892,0.0
59273.50659520762,2.0728106617779942,0.0
59273.5135396972,-0.216314265016182,0.0
59273.52048418655,0.7035445165687226,0.0
59273.52742867613,3.192692610245222,0.0
59273.53437316547,1.3412795050720718,0.0
59273.541317654584,2.3622476077105254,0.0
59273.54826214393,1.487786191093463,0.0
59273.55520663304,1.8581051741727541,0.0
59273.562151122154,2.0742181808632063,0.0
59273.569095611274,2.4916003632473114,0.0
59273.57604010015,10.70522275688969,0.0
59273.58298458903,0.6137089889372744,0.0
59273.58992907791,1.4784945913861915,0.0
59273.59687356679,-3.748287912315778,0.0
59273.603818055446,-0.4146170939350755,0.0
59273.61076254409,3.7798418460624568,0.0
59273.61770703274,2.1910241688354817,0.0
59273.624651521386,1.1199636453561865,0.0
59273.6315960098,2.6111593483567863,0.0
59273.638540498214,2.1221810965726,0.0
59273.64548498663,-0.1199280289860456,0.0
59273.65242947504,-1.400656042806027,0.0
59273.65937396323,-1.4766288381920334,0.0
59273.66631845141,1.4644042202477114,0.0
59273.67326293959,1.7869557563384388,0.0
59273.68020742754,-0.12641573823539387,0.0
59273.68715191549,3.0194738091377387,0.0
59273.694096403444,1.4953533030199577,0.0
59273.70104089139,2.0700195058718016,0.0
59273.70798537911,0.40999665703615074,0.0
59273.71492986682,2.7653086768900788,0.0
59273.72187435454,-0.2400083760870526,0.0
59273.72881884225,2.7080700829144924,0.0
59273.73576332974,0.580482497067589,0.0
59273.77048576669,-0.6200408121914027,0.0
59273.77743025394,3.720873665833364,0.0
59273.784374740964,1.283055640803068,0.0
59273.791319232405,1.1163737360301416,0.0
59273.79826371942,0.3620135792727176,0.0
59273.80520820644,2.883230534114499,0.0
59273.81215269322,2.3110202001851965,0.0
59273.81909718001,1.999117072986627,0.0
59273.8260416668,-0.7444486516192101,0.0
59273.83298615358,1.295496535178039,0.0
59273.83993064013,1.583721988697417,0.0
59273.846875126685,-0.29309965673757876,0.0
59273.853819613236,3.111776025780796,0.0
59273.86076409979,1.302657168744946,0.0
59273.86770858611,4.296903830273895,0.0
59273.87465307243,0.7575960556058314,0.0
59273.88159755875,0.2954652076136213,0.0
59273.888542044835,-0.28831032214038566,0.0
59273.89548653092,1.2612347289226888,0.0
59273.902431017006,1.6516193797842333,0.0
59273.90937550309,0.7575376649507826,0.0
59273.916319989185,-0.9446483253455272,0.0
59273.92326447504,2.114476580712944,0.0
59273.93020896089,1.446319420507725,0.0
59273.93715344651,0.19204343784889572,0.0
59273.94409793236,2.2821737079086466,0.0
59273.95104241798,7.736876589581898,0.0
59273.95798690361,1.8660458656926289,0.0
59273.964931389,2.2408194006296767,0.0
59273.971875874384,0.6823338694071217,0.0
59273.97882035977,1.1506062765597505,0.0
59273.98576484516,1.4913598259850636,0.0
59273.992709330545,-0.6230821317890951,0.0
59273.9996538157,0.24933268366017336,0.0
59274.00659830086,0.1578293728075464,0.0
59274.013542786015,2.5419526673137103,0.0
59274.02048727094,1.493385780618099,0.0
59274.02743175586,1.54277453704491,0.0
59274.03437624078,-0.3130046746387598,0.0
59274.0413207257,1.592392386623103,0.0
59274.0482652104,0.38835749506961537,0.0
59274.055209695085,-0.8874037696598701,0.0
59274.062154179774,1.545230890024655,0.0
59274.06909866446,4.807175693861104,0.0
59274.07604314892,-1.2996684651917287,0.0
59274.082987633374,2.0101574528785915,0.0
59274.08993211784,1.164912821135403,0.0
59274.09687660206,1.3524534127855379,0.0
59274.10382108628,-0.06652634598963658,0.0
59274.110765570505,2.70866497979978,0.0
59274.11771005473,3.5800450687586447,0.0
59274.12465453872,-2.2042282423684885,0.0
59274.13159902294,-0.27242157397580335,0.0
59274.138543506706,0.7422133202209079,0.0
59274.145487990696,2.5111986739851573,0.0
59274.15243247445,1.625672577503654,0.0
59274.15937695821,0.6326043168534277,0.0
59274.16632144197,1.4378730053662925,0.0
59274.173265925725,2.2224318932605893,0.0
59274.18021040926,2.9331584698917115,0.0
59274.18715489278,1.44334546682499,0.0
59274.194099376306,2.62404846444601,0.0
59274.2010438596,1.140371548077585,0.0
59274.20798834289,0.8797383539752672,0.0
59274.21493282618,0.0,0.0
59274.22187730948,-1.4340961027913925,0.0
59274.22882179254,0.7505577172903667,0.0
59274.2357662756,2.807635318123619,0.0
59274.242710758655,2.0504139751993704,0.0
59274.249655241714,-1.6349424632098097,0.0
59274.25659972454,1.3001847719010855,0.0
59274.263544207366,1.6584753036212483,0.0
59274.2704886902,1.5943803392827438,0.0
59274.27743317279,1.8128082910917562,0.0
59274.28437765562,0.36720150362036885,0.0
59274.29132213821,-0.5345174700759068,0.0
59274.29826662057,2.263890906842866,0.0
59274.305211103165,2.2052075758257628,0.0
59274.31215558553,0.8642154059781493,0.0
59274.31910006789,0.30683858246261275,0.0
59274.32604455002,3.455264667735025,0.0
59274.33298903238,0.7524104772683937,0.0
59274.33993351451,1.5836917337568455,0.0
59274.346877996635,1.7818097402834314,0.0
59274.35382247853,0.7051643089272384,0.0
59274.36076696043,-0.09296548935756932,0.0
59274.367711442326,-0.8510762922013914,0.0
59274.37465592422,-0.7486681619950205,0.0
59274.381600406115,2.3850817058793874,0.0
59274.38854488778,2.147626889218916,0.0
59274.39548936944,0.14222088317678527,0.0
59274.402433850875,0.3703343401153423,0.0
59274.40937833254,4.264496266821423,0.0
59274.416322813966,1.86292921908585,0.0
59274.423267295395,0.22022351232337356,0.0
59274.43021177659,0.8979616462976014,0.0
59274.43715625779,1.0034464001381955,0.0
59274.44410073899,2.6405977452519096,0.0
59274.45104522019,0.8319328195496877,0.0
59274.45798970138,1.9560551228874112,0.0
59274.464934182346,0.7651569179948465,0.0
59274.47187866331,2.377700653546423,0.0
59274.47882314404,1.483154691058223,0.0
59274.485767625,3.5200019256508397,0.0
59274.49271210574,1.951903617569186,0.0
59274.49965658647,1.127952678903846,0.0
59274.50660106697,1.119392600424348,0.0
59274.5135455477,-0.03636263352020608,0.0
59274.5204900282,1.8477256985670958,0.0
59274.52743450846,2.2358009562231405,0.0
59274.53437898897,-0.3645111583795886,0.0
59274.54132346923,0.2506064362032887,0.0
59274.548267949496,0.2254428145219538,0.0
59274.55521242976,1.12950943727982,0.0
59274.56215690979,-0.04218493887919328,0.0
59274.569101389825,-0.17141866692461738,0.0
59274.576045869864,4.2020853535433185,0.0
59274.582990349896,1.1207516585174153,0.0
59274.589934829695,0.5733910740348438,0.0
59274.596879309494,-0.8401546672159337,0.0
59274.60382378929,1.1934323517757766,0.0
59274.61076826886,1.5637049224253143,0.0
59274.61771274866,2.431277983737943,0.0
59274.624657228225,0.6711410985235778,0.0
59274.631601707566,1.7664544981307837,0.0
59274.63854618713,0.3453086531737368,0.0
59274.645490666466,3.5009965720544733,0.0
59274.6524351458,3.6887965151878648,0.0
59274.6593796249,2.3008434937497264,0.0
59274.66632410401,-0.9109345485806583,0.0
59274.67326858334,1.3374229702833387,0.0
59274.68021306221,-0.20447790500995155,0.0
59274.68715754131,0.9729918542512042,0.0
59274.69410202018,1.1296444839519357,0.0
59274.701046499045,3.020591152334413,0.0
59274.70799097791,0.5502369922242422,0.0
59274.71493545655,2.4232804016091976,0.0
59274.72187993519,-0.719104794704812,0.0
59274.728824413825,0.08262270602436006,0.0
59274.73576889223,2.561061833221,0.0
59274.74271337086,-0.05757516613605507,0.0
59274.749657849265,1.4520974652056768,0.0
59274.756602327674,-3.730595719599849,0.0
59274.76354680584,0.8776833471065144,0.0
59274.77049128401,-1.5666515477561758,0.0
59274.77743576218,3.2555417846331136,0.0
59274.78438024035,4.285972464593224,0.0
59274.79132471829,-0.789805839138601,0.0
59274.798269196224,1.0242958209405484,0.0
59274.80521367416,-0.2849967162871666,0.0
59274.812158152105,1.2853788831100734,0.0
59274.81910262981,-1.2503108275213048,0.0
59274.82604710751,2.8353065890385594,0.0
59274.832991585215,1.6556287981191278,0.0
59274.839936062686,4.442342421076979,0.0
59274.84688054016,3.4623888887852967,0.0
59274.853825017635,3.3148682817917265,0.0
59274.860769495106,3.3074599769187487,0.0
59274.867713972344,2.5401399841446732,0.0
59274.87465844958,3.4377058816510715,0.0
59274.88160292682,0.29770563624503044,0.0
59274.88854740406,4.4756226041356895,0.0
59274.89549188107,2.8346954266638518,0.0
59274.902436358076,3.8263987873874505,0.0
59274.90938083485,2.0278082654501732,0.0
59274.91632531185,0.2132163294233893,0.0
59274.923269788625,2.710499029242965,0.0
59274.9302142654,1.2589155851645573,0.0
59274.93715874194,3.6392959564534677,0.0
59274.94410321872,2.143130122549637,0.0
59274.95104769526,1.867104259287921,0.0
59274.957992171796,1.5080645048838803,0.0
59274.9649366481,0.795558745509835,0.0
59274.97188112441,2.0943587709315596,0.0
59274.978825600716,-0.6564760762780577,0.0
59274.98577007702,-2.4492162722653226,0.0
59274.992714553104,3.11342289014501,0.0
59274.99965902918,2.469437587174048,0.0
59275.00660350525,4.737690525371247,0.0
59275.013547981325,2.5052836995108425,0.0
59275.020492457166,3.800364572656659,0.0
59275.02743693301,3.2282782799276335,0.0
59275.034381408856,2.9211578831043514,0.0
59275.041325884464,3.313287064018022,0.0
59275.04827036007,0.44628608074178855,0.0
59275.05521483568,0.6018675736133163,0.0
59275.06215931129,1.5401663599044007,0.0
59275.06910378666,3.3814911287926113,0.0
59275.07604826204,-0.7416967627669075,0.0
59275.08299273742,1.0240457439269823,0.0
59275.089937212564,-0.013836573418629872,0.0
59275.09688168794,-0.08947280686165326,0.0
59275.10382616285,0.13902895638844992,0.0
59275.11077063799,2.622695994645747,0.0
59275.1177151129,-0.18779788852801316,0.0
59275.12465958805,1.513099157360025,0.0
59275.13160406273,-1.3377405830774836,0.0
59275.13854853764,-0.03444408643598318,0.0
59275.145493012315,-1.2701893553721146,0.0
59275.15243748699,0.7295855356771392,0.0
59275.15938196167,-1.3429295298598207,0.0
59275.16632643612,1.1585222890489764,0.0
59275.17327091056,-0.9740059389552755,0.0
59275.18021538501,2.3035317658624384,0.0
59275.18715985945,2.018932074331924,0.0
59275.19410433366,0.46077085858957645,0.0
59275.201048807874,1.0794890997207065,0.0
59275.207993282085,2.6637117305821807,0.0
59275.21493775607,-1.7285364712614009,0.0
59275.22188223028,0.6400512969358402,0.0
59275.22882670403,0.3954650387169929,0.0
59275.235771178006,3.78460740462864,0.0
59275.24271565175,0.865518402590391,0.0
59275.2496601255,-0.19466120284880006,0.0
59275.25660459924,2.841215161002984,0.0
59275.263549072995,1.3996589784898315,0.0
59275.27049354651,1.9263156268187034,0.0
59275.27743802002,1.1961404360679064,0.0
59275.2843824933,-0.0959960149327499,0.0
59275.29132696681,0.7017684803857256,0.0
59275.29827144009,0.32974621839932683,0.0
59275.30521591338,1.488014133416742,0.0
59275.31216038643,2.595142488084353,0.0
59275.319104859474,3.6285767092114445,0.0
59275.32604933252,0.12149674915669234,0.0
59275.33299380557,2.2965676201145886,0.0
59275.339938278616,-1.6539925263570447,0.0
59275.34688275143,2.3261737461089664,0.0
59275.35382722402,0.7171086082240695,0.0
59275.36077169683,-1.1201375681802785,0.0
59275.367716169414,1.4010469986431817,0.0
59275.374660641995,-0.390889725559082,0.0
59275.38160511458,1.528940081214392,0.0
59275.388549586925,3.096977160241032,0.0
59275.39549405951,1.747654813199289,0.0
59275.40243853163,2.031957603608262,0.0
59275.40938300398,3.492271894076888,0.0
59275.416327476094,5.75440372424258,0.0
59275.42327194821,-0.9146859855435006,0.0
59275.430216420325,4.667972343716714,0.0
59275.43716089221,1.5273970595031412,0.0
59275.44410536433,2.9175207267215493,0.0
59275.45104983598,-0.23791652504946814,0.0
59275.457994307864,1.3105707380661342,0.0
59275.464938779514,-0.23787993881457536,0.0
59275.471883251164,2.098108294650079,0.0
59275.478827722814,0.5072075152461382,0.0
59275.48577219423,1.0739771269438507,0.0
59275.49271666589,0.9229236199938184,0.0
59275.499661137306,0.43795775030777495,0.0
59275.50660560849,2.0890248500898223,0.0
59275.513550079675,0.37958152362352165,0.0
59275.52049455086,2.878391705459024,0.0
59275.527439022044,3.6526602323843824,0.0
59275.53438349323,1.6568150563993647,0.0
59275.54132796419,4.910786879101629,0.0
59275.54827243514,-0.5257708280072599,0.0
59275.55521690586,5.925626247098773,0.0
59275.56216137681,4.034227965401902,0.0
59275.56910584753,2.0399362112455943,0.0
59275.57605031801,4.463324609283978,0.0
59275.58299478874,0.38047977966300106,0.0
59275.589939259226,0.9649115078659447,0.0
59275.59688372971,-0.6949871359671971,0.0
59275.603828199964,1.0649399188786992,0.0
59275.61077267045,0.2867627654817697,0.0
59275.6177171407,0.9970110433935462,0.0
59275.624661610724,1.4179131340606432,0.0
59275.631606080984,0.8207045228670959,0.0
59275.638550551004,1.5203454064692408,0.0
59275.645495021025,-0.48388667062475044,0.0
59275.652439491045,4.501807368885812,0.0
59275.65938396083,3.35080482177163,0.0
59275.66632843062,-1.4433882133373261,0.0
59275.673272900414,1.195049687615411,0.0
59275.68021736997,-0.9808024035109588,0.0
59275.68716183952,2.2816399867412644,0.0
59275.69410630908,1.3220258864632224,0.0
59275.70105077863,-1.1016534952373163,0.0
59275.707995247954,1.518725809166217,0.0
59275.714939717276,0.2350831932749058,0.0
59275.721884186605,3.8641684638345155,0.0
59275.728828655694,-2.6973566655697265,0.0
59275.73577312478,1.5928389541030565,0.0
59275.74271759387,-1.3044038037670775,0.0
59275.74966206273,1.878971225994242,0.0
59275.75660653182,-0.9605344521282169,0.0
59275.76355100067,-0.8661809848749751,0.0
59275.7704954693,-0.8741698709413257,0.0
59275.77743993816,2.5688902457995457,0.0
59275.78438440678,-0.40078351356127073,0.0
59275.791328875406,5.095578614400107,0.0
59275.7982733438,1.2889956405198606,0.0
59275.80521781219,4.199643528619515,0.0
59275.81216228058,-1.5529060149834013,0.0
59275.819106748975,3.460246930508597,0.0
59275.82605121713,2.233391919286974,0.0
59275.83299568529,-2.5109344801141735,0.0
59275.83994015345,3.4281499555182284,0.0
59275.846884621606,0.9372825814421417,0.0
59275.85382908954,0.21199719159369362,0.0
59275.86077355746,5.119640428414006,0.0
59275.867718025154,3.7716864448659324,0.0
59275.87466249308,1.0781438047400551,0.0
59275.88160696077,1.5374460610065153,0.0
59275.88855142823,-0.4630020787457818,0.0
59275.89549589592,1.6898055227118731,0.0
59275.90244036338,0.022651992144641753,0.0
59275.90938483085,1.2227449905686587,0.0
59275.916329298074,5.336863633083353,0.0
59275.92327376553,1.2423699188125088,0.0
59275.93021823276,1.839503969501426,0.0
59275.93716269975,-0.1934533401755112,0.0
59275.94410716698,1.5484165369948104,0.0
59275.95105163398,-0.33865706895725256,0.0
59275.95799610097,0.4528658344581209,0.0
59275.964940567734,-0.2423725441684812,0.0
59275.971885034494,2.106793931899618,0.0
59275.978829501255,1.91398647914823,0.0
59275.985773968016,3.366168641733034,0.0
59275.99271843454,0.8053465116661052,0.0
59275.99966290107,0.44142923467829265,0.0
59276.006607367606,0.10062743979171618,0.0
59276.0135518339,2.1469821103704176,0.0
59276.02049630043,-0.0831056818668725,0.0
59276.02744076649,1.4045348867573053,0.0
59276.034385232786,1.9457710567143476,0.0
59276.04132969885,3.515373142151436,0.0
59276.04827416491,0.4688101325110414,0.0
59276.05521863098,0.857484424364877,0.0
59276.06216309681,0.07012464028529797,0.0
59276.06910756264,-3.574262528856007,0.0
59276.07605202847,1.08020724509911,0.0
59276.0829964943,2.86598039193151,0.0
59276.08994095989,1.9692925464761564,0.0
59276.09688542549,4.301572683581491,0.0
59276.10382989086,0.9321459357091209,0.0
59276.11077435646,0.8849568364855954,0.0
59276.11771882182,0.5393205343902205,0.0
59276.12466328695,4.568526619710988,0.0
59276.131607752315,0.8028077362060031,0.0
59276.13855221745,0.8957073725125965,0.0
59276.145496682584,1.5311119011395087,0.0
59276.15244114748,1.6517398562550825,0.0
59276.15938561238,0.40748494263106083,0.0
59276.16633007728,3.6495942125462744,0.0
59276.173274542176,-0.4902097213607627,0.0
59276.18021900684,0.12378020006769042,0.0
59276.18716347151,3.70947736865192,0.0
59276.19410793618,2.3916183780863056,0.0
59276.20105240061,2.2260071654035407,0.0
59276.207996865276,1.5470650193743987,0.0
59276.214941329476,1.3926422847456128,0.0
59276.22188579391,1.1705230514904432,0.0
59276.22883025811,1.9156551625977918,0.0
59276.235774722314,4.003453775320508,0.0
59276.24271918651,3.0897044251709977,0.0
59276.24966365048,3.1176703133973795,0.0
59276.25660811445,3.5433907592573437,0.0
59276.26355257841,1.302469760926756,0.0
59276.27049704215,1.1552241672956585,0.0
59276.27744150588,1.697244402310528,0.0
59276.28438596962,0.9565073838289908,0.0
59276.291330433356,4.78779283045062,0.0
59276.29827489686,1.5200526715583598,0.0
59276.30521936036,1.0457356171895718,0.0
59276.312163823626,-0.6179995952337808,0.0
59276.31910828713,0.5879478076500253,0.0
59276.326052750395,-0.9382497175936109,0.0
59276.33299721344,2.448355468763558,0.0
59276.339941676706,0.7306597096353735,0.0
59276.34688613974,2.960689738523408,0.0
59276.35383060278,1.195159361243717,0.0
59276.36077506558,-0.7800264002557313,0.0
59276.36771952838,-0.23936170342411445,0.0
59276.374663991184,3.4236424522523476,0.0
59276.38160845399,2.1399618622704955,0.0
59276.388552916564,2.8496652973089076,0.0
59276.39549737913,2.4863956324663294,0.0
59276.4024418417,-0.6001835476888525,0.0
59276.40938630404,2.4694018548007652,0.0
59276.41633076638,7.052538875917037,0.0
59276.42327522871,1.8741036316641884,0.0
59276.430219690825,1.015748700096114,0.0
59276.43716415293,0.4035226898445403,0.0
59276.44410861503,-0.1531483937183435,0.0
59276.45105307714,0.1792353559669917,0.0
59276.45799753901,4.6972930186600514,0.0
59276.46494200088,-2.187265003219843,0.0
59276.47188646252,-0.6873915869640772,0.0
59276.478830924396,2.763526959950953,0.0
59276.485775386034,3.2385403365576204,0.0
59276.49271984744,0.7392993770980854,0.0
59276.49966430908,2.6630225207081977,0.0
59276.50660877048,2.177788991257107,0.0
59276.51355323189,1.1721788561931352,0.0
59276.52049769307,-0.05801134924941642,0.0
59276.52744215424,-0.5220914312231404,0.0
59276.534386615414,-0.04515555899509538,0.0
59276.541331076354,1.6748193752864196,0.0
59276.54827553753,-1.1881092095969379,0.0
59276.55521999847,1.0582144817891552,0.0
59276.562164459174,3.9356636106149177,0.0
59276.56910891988,0.7684411906565298,0.0
59276.576053380595,0.279697043949349,0.0
59276.5829978413,1.7809795881331816,0.0
59276.589942301776,1.4139184260065687,0.0
59276.59688676248,0.495409156584665,0.0
59276.603831222725,-1.1906645101226918,0.0
59276.6107756832,-1.47859910894586,0.0
59276.61772014344,-1.9354655812684913,0.0
59276.62466460369,2.3969366205205507,0.0
59276.6316090637,-0.30642066224201514,0.0
59276.63855352906,-0.05049251222819595,0.0
59276.64549798907,2.003068195003804,0.0
59276.652442448845,0.886853770125942,0.0
59276.659386908854,1.1124721323922235,0.0
59276.6663313684,1.1370248054788719,0.0
59276.67327582818,0.9347680029740051,0.0
59276.68022028772,1.4014692483250384,0.0
59276.687164747265,3.1831822459307695,0.0
59276.69410920681,2.5392276403314042,0.0
59276.70105366612,2.1851462610439203,0.0
59276.707998125436,-0.12473677108893,0.0
59276.714942584746,0.8047069735480437,0.0
59276.721887044056,9.368583012935996,0.0
59276.72883150313,1.6341181340831188,0.0
59276.73577596198,0.9469942830069471,0.0
59276.742720421054,-0.07042616281106162,0.0
59276.7496648799,2.5361820635414847,0.0
59276.75660933874,3.9738109983038234,0.0
59276.763553797355,0.24996637263865573,0.0
59276.770498256206,0.9560455236522702,0.0
59276.777442714585,0.9942640531281054,0.0
59276.7843871732,1.0385831764926863,0.0
59276.791331631575,1.8614839631039755,0.0
59276.79827608996,1.7665837349291935,0.0
59276.80522054833,-1.175112813189258,0.0
59276.812165006486,2.6361198552451843,0.0
59276.81910946463,4.854717119379408,0.0
59276.82605392278,1.9553332727661545,0.0
59276.83299838069,3.4124346425451346,0.0
59276.839942838604,2.0255454227630167,0.0
59276.84688729652,3.2658668651875247,0.0
59276.853831754204,1.4909240598738127,0.0
59276.86077621188,3.3539678135470807,0.0
59276.867720669565,0.4503284668998494,0.0
59276.87466512701,2.6465042943998602,0.0
59276.88160958446,5.126460051719397,0.0
59276.88855404191,2.1584133996545845,0.0
59276.895498499354,4.145404940480716,0.0
59276.902442956576,1.029341996635052,0.0
59276.90938741379,2.00569291582323,0.0
59276.91633187077,4.434312757288788,0.0
59276.923276327754,2.938645548140418,0.0
59276.930220784736,-0.14376488559149525,0.0
59276.93716524172,2.54723666226961,0.0
59276.94410969847,0.7646438058293965,0.0
59276.951054155215,1.1672044065037908,0.0
59276.95799861174,2.262914313664437,0.0
59276.964943068255,0.5006681013924885,0.0
59276.97188752477,-1.6939262845069658,0.0
59276.97883198129,5.331417001655522,0.0
59276.98577643757,0.9646475501141643,0.0
59276.99272089385,-0.8160765161524305,0.0
59276.99966535014,0.5436939693107767,0.0
59277.006609806194,0.9163472457594866,0.0
59277.013554262245,2.7623148947116865,0.0
59277.02049871806,4.204626478229352,0.0
59277.02744317411,3.663846062426325,0.0
59277.03438762993,-0.6394232955605732,0.0
59277.041332085515,1.6997606529801774,0.0
59277.04827654133,2.0977969853710214,0.0
59277.055220996925,3.4332302300078883,0.0
59277.06216545228,1.5791971097332844,0.0
59277.06910990786,1.772709857308024,0.0
59277.07605436321,0.596091311338818,0.0
59277.08299881833,0.6530712911137989,0.0
59277.089943273684,1.5566564028764098,0.0
59277.09688772881,1.5400754655660014,0.0
59277.1038321837,0.03440396981702143,0.0
59277.110776638816,1.365569876261263,0.0
59277.1177210937,0.08625440299279363,0.0
59277.124665548356,3.2461772381990515,0.0
59277.13161000324,2.4806881132997507,0.0
59277.138554457895,1.419355209244443,0.0
59277.145498912316,0.25962659968224644,0.0
59277.15244336698,0.40192100009874177,0.0
59277.1593878214,2.5264972478881793,0.0
59277.16633227582,1.7519205080470208,0.0
59277.173276730005,1.9461480275879737,0.0
59277.18022118419,-0.8268687266040693,0.0
59277.18716563838,1.4985570188198174,0.0
59277.19411009234,3.241993335186893,0.0
59277.2010545463,0.9536347498783388,0.0
59277.20799900025,4.603222871222246,0.0
59277.214943453975,1.0515555240558445,0.0
59277.2218879077,3.377558569042773,0.0
59277.22883236142,3.59981817220986,0.0
59277.23577681491,2.812324172120512,0.0
59277.242721268405,3.7250193802506653,0.0
59277.249665721894,3.2017203842195467,0.0
59277.25661017515,-0.5357144421348465,0.0
59277.26355462841,0.5869746353408066,0.0
59277.270499081664,3.79553496766406,0.0
59277.27744353469,3.941588484417041,0.0
59277.28438798771,2.104391108412176,0.0
59277.29133244074,1.4424370183314665,0.0
59277.29827689353,-0.3985442897066418,0.0
59277.30522134632,1.7665781059212915,0.0
59277.312165799114,4.395793813170082,0.0
59277.31911025167,2.5142980636923253,0.0
59277.32605470423,4.829991900307106,0.0
59277.332999156555,2.972797470762674,0.0
59277.33994360912,5.536115294628113,0.0
59277.346888061445,4.511852580984883,0.0
59277.35383251354,-0.791595685300893,0.0
59277.36077696563,0.2862273288675373,0.0
59277.36772141772,2.2186894744805286,0.0
59277.374665869815,1.9089842354464264,0.0
59277.381610321674,2.586908629841493,0.0
59277.38855477354,5.240355197723678,0.0
59277.39549922517,1.7207632886555504,0.0
59277.40244367703,1.863376372307687,0.0
59277.40938812842,-0.10893178541299564,0.0
59277.41633258005,1.0770080473002088,0.0
59277.42327703144,2.4782270417021506,0.0
59277.430221482835,2.515643572256087,0.0
59277.437165933996,1.4411602695710775,0.0
59277.44411038516,6.578095602307777,0.0
59277.451054836325,2.534499689803922,0.0
59277.45799928725,3.926426923133268,0.0
59277.464943738414,0.19043901807442865,0.0
59277.47188818911,3.682227361982121,0.0
59277.47883264004,2.1319588707495107,0.0
59277.48577709074,3.2802987577928717,0.0
59277.4927215412,1.8482318607947525,0.0
59277.499665991665,-1.5131696578122273,0.0
59277.50661044213,2.439131509093161,0.0
59277.51355489259,-0.6978862834366191,0.0
59277.52049934282,2.820385004423823,0.0
59277.52744379305,2.29949212686235,0.0
59277.53438824328,2.069060169197911,0.0
59277.54133269328,-1.6106062926703273,0.0
59277.54827714328,3.229750285289644,0.0
59277.555221593044,1.7833719300841073,0.0
59277.56216604281,1.9871684383536015,0.0
59277.56911049257,1.9339186630799956,0.0
59277.576054942336,1.4120276423137685,0.0
59277.58299939187,2.386480137397753,0.0
59277.58994384117,5.02139467683932,0.0
59277.596888290704,2.580183340711594,0.0
59277.60383274,3.8916382718607805,0.0
59277.61077718907,-0.499511023368181,0.0
59277.617721638366,-0.6333628241524287,0.0
59277.6246660872,1.6030290746330924,0.0
59277.631610536264,2.8933192827382763,0.0
59277.638554985104,1.6886603289589326,0.0
59277.64549943394,1.6284766253396328,0.0
59277.65244388277,2.9129270862980015,0.0
59277.65938833137,3.933648696071944,0.0
59277.666332779736,1.5215101934215225,0.0
59277.673277228336,2.5397304177969273,0.0
59277.6802216767,2.5498494149391346,0.0
59277.68716612508,2.1579812596807626,0.0
59277.69411057321,0.5375963718766386,0.0
59277.701055021345,-1.0310638310909668,0.0
59277.70799946925,1.8029852504799135,0.0
59277.71494391738,2.0674103079664996,0.0
59277.72188836505,1.952872831968818,0.0
59277.72883281295,3.478852696543674,0.0
59277.73577726062,1.7360743923206603,0.0
59277.74272170829,1.5940647084631558,0.0
59277.74966615573,4.751005484576059,0.0
59277.756610603166,6.027722206932848,0.0
59277.7635550506,1.859633070472297,0.0
59277.770499497805,4.23345182664647,0.0
59277.77744394501,1.7047054948936013,0.0
59277.78438839221,2.3886810342253533,0.0
59277.79133283919,2.758980556398998,0.0
59277.79827728616,5.090487125017063,0.0
59277.805221732895,1.2325315177006189,0.0
59277.81216617963,4.309154605314692,0.0
59277.81911062637,-0.08638825343361178,0.0
59277.826055072874,2.701165083320748,0.0
59277.83299951938,3.4433879413689072,0.0
59277.83994396589,4.130133999310941,0.0
59277.84688841216,2.731124690524278,0.0
59277.85383285843,0.8522750892456546,0.0
59277.86077730447,1.430656574013684,0.0
59277.86772175051,1.8289264342166318,0.0
59277.87466619655,2.3940459892638493,0.0
59277.881610642355,4.128157277174625,0.0
59277.88855508817,1.4096189846123766,0.0
59277.89549953397,3.625041607874583,0.0
59277.90244397955,0.6628254645257001,0.0
59277.90938842512,2.299456719869437,0.0
59277.91633287046,-0.026598692925413003,0.0
59277.9232773158,0.6802003450081684,0.0
59277.93022176114,2.1852752734738052,0.0
59277.93716620625,4.74349224273333,0.0
59277.94411065136,-0.9139449231243308,0.0
59277.95105509647,-0.10780759533766204,0.0
59277.957999541344,2.456190290996436,0.0
59277.96494398622,2.38196884230297,0.0
59277.97188843086,3.645831162157963,0.0
59277.9788328755,1.674863048007328,0.0
59277.985777320144,-0.32255553065582565,0.0
59277.99272176456,2.2744912977071445,0.0
59277.99966620897,2.4671435309560104,0.0
59278.006610653145,2.3633516002236226,0.0
59278.01355509732,3.0624718043611283,0.0
59278.0204995415,3.354511998057501,0.0
59278.02744398544,3.6845080344073935,0.0
59278.03438842938,0.06891172610662588,0.0
59278.0413328731,0.48614215454484055,0.0
59278.048277317044,0.5964121071651959,0.0
59278.05522176052,2.0879593541016472,0.0
59278.06216620423,2.499486785112346,0.0
59278.06911064771,-0.09202577095054565,0.0
59278.076055090954,2.3886360978983356,0.0
59278.0829995342,0.4869921776868523,0.0
59278.08994397745,1.5850463460204718,0.0
59278.09688842046,4.337531281640441,0.0
59278.103832863475,1.7074612268311273,0.0
59278.11077730649,1.1984777482871114,0.0
59278.117721749266,0.9997374398102026,0.0
59278.124666192045,2.321270794211786,0.0
59278.13161063459,0.7531444524302895,0.0
59278.138555077145,-0.12753325220175613,0.0
59278.14549951969,-0.1838311363826739,0.0
59278.152443962004,3.2035792996566257,0.0
59278.15938840432,2.562882898354386,0.0
59278.1663328464,2.5349343647108045,0.0
59278.17327728848,0.5768383579701921,0.0
59278.18022173056,1.728123319713211,0.0
59278.18716617241,-2.8269238156375867,0.0
59278.19411061426,1.519883718458238,0.0
59278.20105505588,0.5112796913141504,0.0
59278.20799949749,-1.0474535607895596,0.0
59278.214943938874,2.0378239404609406,0.0
59278.22188838049,1.405070473600288,0.0
59278.22883282164,2.7293205195875814,0.0
59278.23577726302,4.13154425376906,0.0
59278.24272170418,3.411835862221756,0.0
59278.24966614509,0.6783305339613608,0.0
59278.25661058601,3.2635312907879683,0.0
59278.263555026926,1.7913826473759726,0.0
59278.27049946761,0.08774152382522693,0.0
59278.27744390829,1.5174811476115813,0.0
59278.28438834875,4.754513763708919,0.0
59278.2913327892,0.9610082476107844,0.0
59278.29827722965,0.4745472436074858,0.0
59278.30522166987,2.853918930202411,0.0
59278.31216611009,3.51704636158981,0.0
59278.319110550074,2.1688064096450006,0.0
59278.32605499006,2.0345834877107998,0.0
59278.332999430044,2.376717756032951,0.0
59278.3399438698,1.1015685363576613,0.0
59278.346888309556,3.504052222319202,0.0
59278.353832749075,5.566862390865225,0.0
59278.360777188595,2.4762592744979344,0.0
59278.36772162788,2.0573480345552015,0.0
59278.37466606717,1.7518607406714164,0.0
59278.381610506454,1.5600850054923123,0.0
59278.388554945515,1.7768588747281693,0.0
59278.395499384336,4.939314010333831,0.0
59278.40244382339,1.8276616797253102,0.0
59278.40938826221,3.8544988689263673,0.0
59278.4163327008,1.917743776382876,0.0
59278.42327713939,3.6397869406099215,0.0
59278.430221577975,1.4305203159125033,0.0
59278.43716601633,1.4681895863452712,0.0
59278.44411045445,4.204115852647858,0.0
59278.451054892816,1.5936371166255618,0.0
59278.45799933094,5.540693076345562,0.0
59278.46494376883,1.303737521328593,0.0
59278.47188820672,2.3630079178540235,0.0
59278.478832644374,2.9266183657146154,0.0
59278.485777082264,2.0051797075788027,0.0
59278.492721519695,0.8815555729401225,0.0
59278.49966595712,1.9346489225318413,0.0
59278.50661039454,2.9054122903629027,0.0
59278.51355483197,1.9340638154554628,0.0
59278.520499268925,-2.3573206482303437,0.0
59278.527443706116,1.116047089272195,0.0
59278.534388143074,4.358465953716141,0.0
59278.54133257981,2.9072177364676346,0.0
59278.548277016765,2.8368643942465885,0.0
59278.55522145326,2.2831807170316862,0.0
59278.56216588975,3.727751030409819,0.0
59278.56911032624,1.8016174930324356,0.0
59278.576054762736,3.755871837252012,0.0
59278.58299919876,2.331009461008229,0.0
59278.58994363502,-0.019199114132149864,0.0
59278.59688807106,1.5569503174729178,0.0
59278.60383250685,1.9784631423040262,0.0
59278.610776942645,3.8680443935660023,0.0
59278.61772137844,3.017125271383481,0.0
59278.63161024956,3.7753920614533527,0.0
59278.63855468489,2.7031402358170307,0.0
59278.64549912022,4.2342984788335185,0.0
59278.65244355532,2.7812600948548933,0.0
59278.65938799042,3.0836538504526403,0.0
59278.66633242528,1.8421394249054244,0.0
59278.67327686014,5.33641359510766,0.0
59278.680221295006,1.4919682274629986,0.0
59278.687165729636,4.533498198492147,0.0
59278.69411016404,1.9764678160652864,0.0
59278.70105459866,7.005392991522109,0.0
59278.707999032835,4.808338634110712,0.0
59278.714943467,5.0467622625233375,0.0
59278.72188790116,5.833588452729781,0.0
59278.728832335095,5.07192734454796,0.0
59278.73577676903,2.8864289112102868,0.0
59278.742721202725,5.032250038484582,0.0
59278.749665636424,5.203897389660423,0.0
59278.7566100699,1.208344467966843,0.0
59278.76355450336,4.007334968420987,0.0
59278.770498936596,3.8198246401099265,0.0
59278.77744336983,3.958867535861269,0.0
59278.78438780306,2.8382508749631157,0.0
59278.79133223606,4.270148496804179,0.0
59278.79827666884,1.6123095791123436,0.0
59278.805221101604,4.015252086506322,0.0
59278.81216553414,1.2931813509960102,0.0
59278.81910996667,1.9696962227011388,0.0
59278.82605439921,4.997957114425777,0.0
59278.83299883151,2.9475159333106777,0.0
59278.83994326381,3.511080437859376,0.0
59278.84688769588,3.8641341293087925,0.0
59278.85383212772,2.958821924599095,0.0
59278.86077655956,0.24414748159104094,0.0
59278.867720991395,1.5581841119455504,0.0
59278.874665423,3.7081643245994798,0.0
59278.88160985437,3.5406428209229603,0.0
59278.88855428574,3.6297640710334322,0.0
59278.89549871711,1.863512365052219,0.0
59278.902443148254,3.1644045646716337,0.0
59278.90938757939,1.5320867559639542,0.0
59278.916332010296,1.5006331626935732,0.0
59278.92327644097,4.021126031216515,0.0
59278.93022087187,3.145709569182321,0.0
59278.93716530231,3.307887324652893,0.0
59278.94410973275,0.13459786432048737,0.0
59278.95105416319,2.8594480416311843,0.0
59278.9579985934,4.201801960011207,0.0
59278.96494302338,5.923887803396572,0.0
59278.97188745358,4.08604681697892,0.0
59278.97883188332,2.0695150430618012,0.0
59278.985776313064,4.500454723251623,0.0
59278.992720742805,1.0692111232464687,0.0
59278.99966517231,-0.06295654212884871,0.0
59279.006609601594,1.37336909724922,0.0
59279.01355403087,3.5864490692490065,0.0
59279.020498460144,5.715205126874041,0.0
59279.027442889186,3.6036106606183465,0.0
59279.034387317995,0.7244488972994176,0.0
59279.041331746805,3.483086112761569,0.0
59279.04827617538,0.8514521180018655,0.0
59279.05522060396,1.025125485303529,0.0
59279.06216503254,3.046298389900931,0.0
59279.06910946065,1.1193869041953632,0.0
59279.076053888995,3.510743135415108,0.0
59279.082998317106,3.8705208998550154,0.0
59279.089942744984,2.3862353250141037,0.0
59279.09688717286,3.5522588309526677,0.0
59279.10383160051,3.960809553214301,0.0
59279.11077602793,7.10104768589727,0.0
59279.11772045557,4.380148644483696,0.0
59279.12466488275,1.8157682013201242,0.0
59279.13160930993,7.098104793176087,0.0
59279.13855373711,0.23771077549832564,0.0
59279.145498164056,1.2720307826673922,0.0
59279.15244259077,2.1188517603985697,0.0
59279.159387017484,4.162537715992865,0.0
59279.166331444205,5.443096728594701,0.0
59279.173275870686,3.5657867640421914,0.0
59279.180220296934,1.5565568987261837,0.0
59279.18716472318,1.0770460634114924,0.0
59279.1941091492,5.281407347222105,0.0
59279.20105357521,0.3983378354244287,0.0
59279.207998000995,5.427482723743569,0.0
59279.21494242655,5.387883568555428,0.0
59279.221886852334,4.292007291994388,0.0
59279.22883127765,1.9791195982004228,0.0
59279.23577570297,1.0569870744575107,0.0
59279.242720128284,3.545660421472992,0.0
59279.249664553136,3.704264433607266,0.0
59279.25660897822,4.560925965981622,0.0
59279.26355340307,3.055312793797689,0.0
59279.270497827696,2.693346293563582,0.0
59279.277442252314,2.043787869212707,0.0
59279.2843866767,4.765086178947821,0.0
59279.29133110085,1.071557470659107,0.0
59279.298275525005,5.970618640190823,0.0
59279.30521994916,3.45787441475972,0.0
59279.31216437308,4.546043917995018,0.0
59279.31910879677,4.054932572055862,0.0
59279.32605322046,0.273982929720336,0.0
59279.33299764391,2.6195138715124164,0.0
59279.33994206737,0.17102172014859907,0.0
59279.34688649059,1.719123827785992,0.0
59279.35383091381,1.0021666464591559,0.0
59279.3607753368,3.55877588935714,0.0
59279.367719759786,3.1962440298185686,0.0
59279.37466418255,4.24461642312539,0.0
59279.38160860507,1.9395937644573131,0.0
59279.388553027595,2.374528107853724,0.0
59279.395497449885,2.0459168074811767,0.0
59279.402441872175,0.9223806908092234,0.0
59279.40938629423,3.055087478260726,0.0
59279.41633071629,3.5918324771975967,0.0
59279.42327513811,5.565825554536289,0.0
59279.430219559945,1.2740859557456887,0.0
59279.437163981536,1.1912233199007396,0.0
59279.444108402895,1.8098735504944847,0.0
59279.45105282425,0.43070656347026337,0.0
59279.45799724538,-1.6304901517358736,0.0
59279.464941666505,3.417835941668634,0.0
59279.4718860874,1.949626141354258,0.0
59279.47883050829,1.8783320032241084,0.0
