mjd,counts,event
59144.01806061612,3.2093367660279704,0.0
59144.02500516951,0.8670002268905819,0.0
59144.03194972287,0.1347982305072537,0.0
59144.03889427626,1.2898444700342897,0.0
59144.04583882962,0.08443244802739569,0.0
59144.05278338295,0.07641111399162348,0.0
59144.059727936285,0.68639988271216,0.0
59144.066672489615,0.3728039347349359,0.0
59144.073617042915,0.9526254363810644,0.0
59144.080561596216,0.5619236872237474,0.0
59144.08750614949,-0.06855881549737086,0.0
59144.09445070276,-0.5628700460410667,0.0
59144.11528436244,0.5494132875249584,0.0
59144.12222891562,1.1772774554445395,0.0
59144.12917346878,0.8951414123816246,0.0
59144.13611802193,2.8026663815963557,0.0
59144.143062575036,-0.28653207002338554,0.0
59144.15000712813,2.508614136040084,0.0
59144.1569516812,0.8317183930208194,0.0
59144.16389623427,-0.5625695983991736,0.0
59144.17084078728,2.1644089674486198,0.0
59144.17778534026,0.6827545064462845,0.0
59144.18472989324,0.008952178677033906,0.0
59144.19167444617,-0.27749976641382457,0.0
59144.19861899909,0.9322030459088912,0.0
59144.20556355199,-0.9059465718482089,0.0
59144.21250810482,1.3521956639958352,0.0
59144.21945265766,-0.09970187797099328,0.0
59144.22639721044,0.2639281356297438,0.0
59144.23334176322,-0.10160967540432786,0.0
59144.24028631594,0.4369177928305499,0.0
59144.247230868656,-0.5439732173232152,0.0
59144.254175421316,-0.407249547263814,0.0
59144.26111997395,0.0706816840981137,0.0
59144.26806452655,-0.342033886248887,0.0
59144.2750090791,2.5238934675585534,0.0
59144.281953631646,0.4094974435674512,0.0
59144.28889818413,0.987967337762719,0.0
59144.29584273659,-0.05444838370452887,0.0
59144.302787289016,1.030288516005315,0.0
59144.30973184142,0.21107948188290848,0.0
59144.31667639379,0.17150158120574277,0.0
59144.3236209461,0.8909849720235341,0.0
59144.330565498385,-0.8501683114963252,0.0
59144.33751005061,-0.34305621548599907,0.0
59144.34445460283,0.8795272252952602,0.0
59144.351399155,-0.10587614733173911,0.0
59144.358343707114,-1.249821302467164,0.0
59144.36528825922,0.7200010138610953,0.0
59144.37223281127,-0.04014942040195413,0.0
59144.37917736329,-0.20902087361722188,0.0
59144.38612191525,1.0001951580315156,0.0
59144.39306646719,0.8698805283583253,0.0
59144.40001101907,-0.15875233540759615,0.0
59144.40695557094,1.9191395432095746,0.0
59144.41390012273,0.1828547993786045,0.0
59144.42084467452,0.7916651296836501,0.0
59144.42778922625,0.8765514472264582,0.0
59144.43473377792,1.0525488520988655,0.0
59144.4416783296,0.5221548619741472,0.0
59144.44862288118,0.03624601126439542,0.0
59144.455567432764,0.6005471159345559,0.0
59144.46251198426,0.8721924370740681,0.0
59144.46945653576,-0.3370485360358124,0.0
59144.476401087195,0.210594525288617,0.0
59144.48334563858,0.8834522078556857,0.0
59144.49029018993,-0.05545377021843967,0.0
59144.497234741255,3.733245839897691,0.0
59144.50417929252,-0.4076553309667901,0.0
59144.511123843724,-0.38643128231104784,0.0
59144.5180683949,-0.17365862944811106,0.0
59144.525012946055,-0.45830603766966416,0.0
59144.53195749714,0.016899394599203532,0.0
59144.538902048174,0.4985741325708033,0.0
59144.545846599176,2.4565485286975703,0.0
59144.55279115015,-0.34553612626376573,0.0
59144.55973570107,0.939790582339008,0.0
59144.566680251926,2.137841434576623,0.0
59144.57362480275,-0.2731067571021306,0.0
59144.58056935355,1.4832096116290918,0.0
59144.58751390426,0.2063113336784368,0.0
59144.59445845497,-0.21924717717613307,0.0
59144.60140300563,1.951071965453476,0.0
59144.60834755623,1.4597514073470825,0.0
59144.61529210679,0.2693922608999082,0.0
59144.6222366573,1.392346328173148,0.0
59144.62918120775,-0.5014692611286491,0.0
59144.63612575817,-1.1755491877727233,0.0
59144.643070308564,1.2056990734926107,0.0
59144.6500148589,1.4731678427605432,0.0
59144.65695940917,-0.1241684200299562,0.0
59144.663903959416,2.0167763117939255,0.0
59144.6708485096,1.9751333492706933,0.0
59144.67779305976,0.2552009169385996,0.0
59144.68473760986,-1.341572116058662,0.0
59144.69168215991,0.8731975439925073,0.0
59144.69862670992,0.01895174151476553,0.0
59144.7055712599,0.9554666851202991,0.0
59144.71251580983,1.3835521116364924,0.0
59144.719460359694,0.14756437842629078,0.0
59144.72640490954,-0.48077238895277397,0.0
59144.73334945932,-0.3137956309096688,0.0
59144.74029400904,0.0788400942091938,0.0
59144.74723855873,0.5473636800252577,0.0
59144.754183108394,1.1219403147174134,0.0
59144.76112765797,-0.4113384961035651,0.0
59144.76807220752,0.08732152104912982,0.0
59144.77501675704,0.6118152246871742,0.0
59144.7819613065,0.9357840776626616,0.0
59144.78890585593,0.29665082645580787,0.0
59144.79585040527,1.5007882163335977,0.0
59144.802794954616,1.4789866248237176,0.0
59144.80973950388,1.0490191284418984,0.0
59144.816684053134,1.329393786268327,0.0
59144.8236286023,2.1299901179308502,0.0
59144.83057315144,0.3523602450744887,0.0
59144.83751770055,0.8335075493813418,0.0
59144.84446224957,0.7126634058073931,0.0
59144.851406798596,1.3550044602501905,0.0
59144.85835134754,0.45649756501341887,0.0
59144.865295896445,1.0947135781358899,0.0
59144.87224044532,0.9234291905558103,0.0
59144.87918499414,0.46808136478746754,0.0
59144.8861295429,0.04661846121988589,0.0
59144.89307409164,0.21047545306095827,0.0
59144.900018640314,-0.24528145227715692,0.0
59144.90696318893,0.9454464829198228,0.0
59144.913907737515,0.005098754493811697,0.0
59144.92085228607,-0.6109772108942773,0.0
59144.92779683457,-0.5096013072541843,0.0
59144.93474138302,-0.07998419865463058,0.0
59144.94168593143,1.2581996217620466,0.0
59144.94863047978,0.13493342721023627,0.0
59144.95557502808,0.9019495002249052,0.0
59144.962519576344,0.6491678541207131,0.0
59144.96946412459,1.5105859646165873,0.0
59144.97640867277,0.18919641200045634,0.0
59144.98335322089,1.8751323586450592,0.0
59144.99029776898,1.8632222118928863,0.0
59144.99724231701,0.1613666923509096,0.0
59145.004186864986,1.4222058709755312,0.0
59145.01113141293,0.6924117900467057,0.0
59145.018075960856,0.3952616502344841,0.0
59145.025020508714,0.9992131891992493,0.0
59145.031965056514,-0.017576803199813806,0.0
59145.038909604285,0.8037372566328558,0.0
59145.045854152,1.3243069709786943,0.0
59145.05279869969,1.21943803896747,0.0
59145.059743247315,0.972861885148943,0.0
59145.06668779488,0.8329944144125192,0.0
59145.07363234242,1.5073001899209504,0.0
59145.08057688993,-0.4764165315981752,0.0
59145.08752143738,0.7429272724478055,0.0
59145.09446598478,0.4397100258731843,0.0
59145.101410532145,-0.8196853087863323,0.0
59145.10835507945,1.0518528597367864,0.0
59145.11529962673,1.9033730863802112,0.0
59145.122244173945,0.4207755312621484,0.0
59145.129188721134,0.8702154755496005,0.0
59145.13613326827,0.035267567287722734,0.0
59145.143077815344,0.21532075903399894,0.0
59145.15002236239,0.8010988598561561,0.0
59145.1569669094,0.5264011977135006,0.0
59145.16391145636,1.430963896772024,0.0
59145.17085600326,1.1063695667814106,0.0
59145.177800550126,1.7535401022222152,0.0
59145.18474509694,0.47908395305698415,0.0
59145.191689643725,-0.3332894875147714,0.0
59145.19863419048,1.3379184942123703,0.0
59145.20557873714,0.6044317286033438,0.0
59145.21252328381,0.7359232997109189,0.0
59145.219467830386,-0.9476180340056586,0.0
59145.22641237697,0.6520186859459054,0.0
59145.23335692346,0.37828951062849514,0.0
59145.24030146995,0.08643430940507724,0.0
59145.247246016355,1.577679087064447,0.0
59145.25419056276,1.061864342215419,0.0
59145.261135109075,-0.6287388922637978,0.0
59145.26807965537,1.6337693632599817,0.0
59145.27502420163,0.830598590749688,0.0
59145.281968747826,0.7390112313062294,0.0
59145.288913293996,-0.320997759434102,0.0
59145.29585784011,3.7847721200584385,0.0
59145.3028023862,-0.2834126416826175,0.0
59145.309746932224,0.2255326400389186,0.0
59145.31669147822,0.6948898384943085,0.0
59145.32363602416,0.07586980999838566,0.0
59145.330580570066,0.520469553552596,0.0
59145.337525115916,-1.8747185832996225,0.0
59145.344469661744,0.8669261814735427,0.0
59145.35141420751,0.7052119758853701,0.0
59145.35835875324,2.3510461378679803,0.0
59145.36530329892,2.3791241175610645,0.0
59145.37224784456,0.8132705704786045,0.0
59145.37919239016,0.3298083965964671,0.0
59145.38613693572,1.6522923240358622,0.0
59145.39308148125,-0.053221295186498985,0.0
59145.40002602669,0.4001021666982134,0.0
59145.406970572134,1.1318359121926642,0.0
59145.41391511752,1.2853993510685315,0.0
59145.420859662845,0.3504291605680194,0.0
59145.42780420818,1.000163831686101,0.0
59145.43474875342,-0.277925985061207,0.0
59145.44169329863,2.032331936334875,0.0
59145.44863784381,0.41269581283481616,0.0
59145.45558238893,0.2093538686698504,0.0
59145.462526934025,0.3234570812770756,0.0
59145.4694714791,0.9980322926012346,0.0
59145.476416024074,0.5965676914357223,0.0
59145.48336056905,1.5149590365993721,0.0
59145.49030511397,1.5159806942747425,0.0
59145.49724965883,0.6414281523359406,0.0
59145.5041942037,0.13972322983024466,0.0
59145.51113874847,-0.42834150254721814,0.0
59145.518083293246,1.6643187582216,0.0
59145.52502783793,2.114435254841056,0.0
59145.53197238262,0.2295396304650441,0.0
59145.53891692725,-0.25064162014442504,0.0
59145.54586147182,1.5438388169561734,0.0
59145.55280601636,2.3355101781627807,0.0
59145.559750560875,0.35296708995194104,0.0
59145.56669510533,-0.034795995234865984,0.0
59145.57363964975,2.3203371696129507,0.0
59145.58058419415,0.5906078847556655,0.0
59145.58752873849,1.7000625248789523,0.0
59145.59447328277,0.049595800020087566,0.0
59145.60141782702,1.1913044908047135,0.0
59145.60836237124,-0.9704478133108716,0.0
59145.6153069154,1.7678535059427145,0.0
59145.62225145954,0.038465628959373444,0.0
59145.62919600365,-0.30096858476461863,0.0
59145.63614054769,0.9235470759979489,0.0
59145.64308509171,0.8528562456072413,0.0
59145.65002963567,-0.5010942610170437,0.0
59145.6569741796,-0.18422092966914727,0.0
59145.663918723505,1.7665322027523707,0.0
59145.67086326735,0.5116882606066255,0.0
59145.67780781116,1.3403777796620338,0.0
59145.684752354915,0.14736166994379163,0.0
59145.69169689864,0.2684479398527242,0.0
59145.69864144234,0.21032207130099545,0.0
59145.70558598598,2.345756189691164,0.0
59145.71253052959,0.6114015282695586,0.0
59145.71947507314,1.8990211892108602,0.0
59145.726419616665,0.08985124914747544,0.0
59145.73336416016,0.01411182318324089,0.0
59145.74030870359,-1.1702588274208283,0.0
59145.747253247006,2.6554973307133958,0.0
59145.75419779038,1.7719757405456198,0.0
59145.7611423337,1.3362934186292272,0.0
59145.76808687699,2.9473665936420357,0.0
59145.77503142022,1.4632556085771613,0.0
59145.78197596343,-0.9276028881557092,0.0
59145.7889205066,0.42007377913355004,0.0
59145.795865049746,2.9431445517643335,0.0
59145.80280959283,-0.40080959668606253,0.0
59145.80975413586,0.35141079236059625,0.0
59145.816698678886,-0.5763632449387104,0.0
59145.823643221855,-0.033120714602824286,0.0
59145.83058776477,0.3521691569566787,0.0
59145.837532307654,0.5447339522922809,0.0
59145.844476850536,0.4290081751798316,0.0
59145.85142139336,0.6165931431995761,0.0
59145.858365936125,-0.44498586956165065,0.0
59145.86531047884,1.868424653475671,0.0
59145.872255021546,2.0137677417029765,0.0
59145.879199564195,0.6557590614460573,0.0
59145.886144106786,2.2030699646129475,0.0
59145.893088649376,0.6858514204271113,0.0
59145.90003319191,0.7391404270845978,0.0
59145.90697773445,-1.0797434858362385,0.0
59145.91392227692,-0.5503636848682936,0.0
59145.92086681934,3.514149238433713,0.0
59145.9278113617,1.991626006422305,0.0
59145.934755904054,2.0232605866903706,0.0
59145.941700446354,1.8553333081120176,0.0
59145.94864498866,0.5096302236676351,0.0
59145.955589530844,0.9409448568211198,0.0
59145.962534073085,1.052901371915611,0.0
59145.96947861521,1.7300743373252416,0.0
59145.976423157335,0.1899905654516707,0.0
59145.9833676994,1.2242849284892015,0.0
59145.990312241476,0.5729077895733408,0.0
59145.997256783485,0.49105661321705574,0.0
59146.004201325435,0.6201669986960501,0.0
59146.01114586733,1.3268233559234544,0.0
59146.01809040922,0.5173264850685744,0.0
59146.02503495112,0.7678089563183921,0.0
59146.031979492895,3.7552260033852773,0.0
59146.03892403467,0.45357006383087395,0.0
59146.045868576446,1.2581261435341378,0.0
59146.052813118105,0.0557789782230369,0.0
59146.059757659765,1.0089439300453549,0.0
59146.066702201424,-0.7344450079455509,0.0
59146.073646742974,0.6458759851729892,0.0
59146.080591284575,1.4748222113254963,0.0
59146.08753582606,0.11945035532013826,0.0
59146.094480367545,-0.7157591355752992,0.0
59146.10142490898,-1.2537103867559392,0.0
59146.108369450405,-0.16749655247480222,0.0
59146.115313991715,2.553104169850545,0.0
59146.12225853308,-0.09038173416669881,0.0
59146.129203074335,1.679623955701547,0.0
59146.13614761559,-0.32053864007782984,0.0
59146.14309215684,2.0520402283378893,0.0
59146.15003669798,1.006669922478617,0.0
59146.156981239175,-0.034544165633294543,0.0
59146.16392578025,1.5398908563445723,0.0
59146.17087032133,1.1598201247829691,0.0
59146.17781486235,1.0722284851316024,0.0
59146.184759403375,1.355383877846486,0.0
59146.19170394428,3.4857023495052957,0.0
59146.19864848524,-0.2465921145128549,0.0
59146.20559302608,0.7267627007618591,0.0
59146.212537566986,1.4616605886022387,0.0
59146.21948210777,1.329027721783023,0.0
59146.226426648565,0.24801875200935486,0.0
59146.23337118929,-0.3592962286751047,0.0
59146.24031572996,0.37908657294421744,0.0
59146.24726027063,0.12258703734648657,0.0
59146.2542048113,1.7949050371673323,0.0
59146.26114935186,2.684853331825933,0.0
59146.26809389242,-0.301419814546279,0.0
59146.27503843297,1.423293206748406,0.0
59146.281982973465,0.9832001139160678,0.0
59146.2889275139,-0.2623714730262785,0.0
59146.29587205428,-0.0095484613951764,0.0
59146.30281659466,1.1703173075183697,0.0
59146.309761135046,1.0908737801429012,0.0
59146.31670567531,0.8220949464153713,0.0
59146.32365021563,-0.4536352101508605,0.0
59146.33059475583,0.9965478692900009,0.0
59146.337539296044,-0.5437341630436272,0.0
59146.34448383619,1.7416378430190789,0.0
59146.351428376336,0.9302402148484856,0.0
59146.358372916424,1.0236803291907917,0.0
59146.36531745645,1.3146265010892444,0.0
59146.37226199648,0.5436134995041195,0.0
59146.37920653646,-0.07691146825023187,0.0
59146.38615107643,-0.12180231715906498,0.0
59146.393095616346,0.3337756822748976,0.0
59146.4000401562,-0.647305865392648,0.0
59146.406984696056,1.1217678666150643,0.0
59146.41392923585,-1.310922858501836,0.0
59146.420873775656,0.5322051332388815,0.0
59146.427818315395,1.6391567898122115,0.0
59146.434762855075,-0.7349753434576543,0.0
59146.441707394755,0.5506308672265883,0.0
59146.44865193438,1.1160758666203785,0.0
59146.455596474,1.0143484689633744,0.0
59146.46254101357,1.4833634059722272,0.0
59146.469485553076,0.3801627447252445,0.0
59146.47643009258,0.2803171076708635,0.0
59146.48337463203,0.44014592311586664,0.0
59146.49031917142,0.8883114191049324,0.0
59146.497263710815,0.07219030323948594,0.0
59146.504208250204,0.47951370873421073,0.0
59146.511152789535,0.3475045313962757,0.0
59146.51809732881,-0.08870577300001115,0.0
59146.52504186802,0.1715703887083202,0.0
59146.53198640724,2.7815210647392816,0.0
59146.53893094646,1.613217033442941,0.0
59146.545875485615,1.1281333707459433,0.0
59146.55282002471,-0.9987249067630715,0.0
59146.55976456375,0.249640076584702,0.0
59146.56670910279,-0.437350798242774,0.0
59146.57365364183,1.152398124122985,0.0
59146.58059818082,1.9648853917916171,0.0
59146.587542719746,0.671302595375094,0.0
59146.59448725867,0.5417641284123604,0.0
59146.601431797535,0.04285019382834632,0.0
59146.60837633634,1.1947882185752459,0.0
59146.61532087515,3.625779865731603,0.0
59146.622265413906,1.9666332527828096,0.0
59146.629209952654,0.7267984342847029,0.0
59146.636154491345,0.6687457069113671,0.0
59146.643099030036,2.322687759403199,0.0
59146.650043568676,0.18506329268280597,0.0
59146.65698810725,1.0021704790880857,0.0
59146.663932645824,0.466860565542798,0.0
59146.67087718434,-0.8182982912730914,0.0
59146.67782172286,1.7173704099966995,0.0
59146.684766261315,0.5193791736038484,0.0
59146.69171079977,-0.8147996144478844,0.0
59146.69865533818,0.7867083796479375,0.0
59146.70559987652,1.1723611806140526,0.0
59146.71254441486,1.5418035541283563,0.0
59146.719488953146,0.3208478620505235,0.0
59146.72643349143,1.2626795198765484,0.0
59146.73337802966,1.536385268165462,0.0
59146.74032256783,-0.4939644500408793,0.0
59146.747267105995,-0.4502086380772008,0.0
59146.7542116441,-0.13300772319324494,0.0
59146.76115618221,2.7611472179768293,0.0
59146.76810072026,0.504912516894696,0.0
59146.77504525832,1.3872408899353514,0.0
59146.78198979631,0.3026672873090863,0.0
59146.788934334305,0.633141945890952,0.0
59146.79587887218,0.027609827672328446,0.0
59146.802823410115,-0.4776476486829342,0.0
59146.809767948,0.6533842838848853,0.0
59146.816712485816,0.38666285598627503,0.0
59146.823657023575,-0.02641288933813657,0.0
59146.830601561334,0.6294213392561736,0.0
59146.837546099094,1.5508155775957713,0.0
59146.844490636795,1.5373423663978123,0.0
59146.851435174445,0.34647365772668337,0.0
59146.85837971209,1.0102430667156157,0.0
59146.86532424967,-0.6294426808517133,0.0
59146.87226878726,0.5061527871265974,0.0
59146.879213324784,-0.1708485819902399,0.0
59146.88615786231,-0.6917502634606421,0.0
59146.89310239979,2.774788516107406,0.0
59146.9000469372,1.1950884083642292,0.0
59146.90699147461,-0.6167078787596219,0.0
59146.91393601196,1.7321666502045283,0.0
59146.92088054931,1.5811315221718805,0.0
59146.927825086605,1.365302560305587,0.0
59146.934769623906,2.2154180940304613,0.0
59146.94171416114,1.88073763276972,0.0
59146.94865869838,0.3368479623134659,0.0
59146.955603235496,3.1003196003684357,0.0
59146.96254777268,0.4639685697285034,0.0
59146.9694923098,0.34980840920423795,0.0
59146.97643684686,1.243396933071729,0.0
59146.98338138392,1.9193293269765994,0.0
59146.990325920924,-0.9504741179104172,0.0
59146.99727045793,-0.030661554510664324,0.0
59147.00421499488,0.955868752854689,0.0
59147.011159531765,0.8210310292222349,0.0
59147.01810406865,1.1464151948727759,0.0
59147.02504860554,0.5843524406726557,0.0
59147.031993142366,0.08720121276003479,0.0
59147.038937679135,-0.4132466776686585,0.0
59147.04588221591,0.22958643947636714,0.0
59147.052826752624,0.704618658904753,0.0
59147.059771289336,0.48051994681550303,0.0
59147.06671582599,-0.8557830154414581,0.0
59147.073660362585,0.09761605960860553,0.0
59147.08060489919,0.7710639101885071,0.0
59147.08754943578,0.07306911868468147,0.0
59147.09449397232,-0.5717563525558873,0.0
59147.1014385088,-0.41985671725947604,0.0
59147.10838304528,2.671831334730277,0.0
59147.1153275817,0.29242971356061265,0.0
59147.122272118126,0.7020132476051741,0.0
59147.12921665449,-0.5110930994379745,0.0
59147.13616119085,0.23055004295305714,0.0
59147.143105727155,-0.21687418516747492,0.0
59147.15005026346,0.9255997019773421,0.0
59147.156994799705,-0.1499994125574884,0.0
59147.16393933596,-0.36899892553989133,0.0
59147.170883872146,-0.4173942952311607,0.0
59147.177828408276,1.9356182140170883,0.0
59147.184772944405,0.24176226982233562,0.0
59147.191717480484,1.0553608221217439,0.0
59147.198662016555,1.6102266374529162,0.0
59147.20560655257,0.022515108873941703,0.0
59147.21255108858,1.294540199283038,0.0
59147.21949562454,0.7668203679005434,0.0
59147.22644016049,0.4818622561599355,0.0
59147.23338469639,0.14679528920670615,0.0
59147.24032923229,-0.04706021930260995,0.0
59147.24727376813,0.4053118866129828,0.0
59147.25421832015,-0.4529536692966185,0.0
59147.26116285593,1.4299802038631686,0.0
59147.268107391654,1.5406091974162832,0.0
59147.27505192738,1.856512267142718,0.0
59147.281996463105,2.596557001495604,0.0
59147.28894099877,0.5813757941956279,0.0
59147.295885534375,-0.4949195349157556,0.0
59147.30283006998,1.0923657844304255,0.0
59147.30977460553,0.38167624040653436,0.0
59147.31671914108,0.22429679973447003,0.0
59147.32366367657,1.0386556702391312,0.0
59147.33060821206,-0.017754235892655235,0.0
59147.33755274749,-0.10330247071700382,0.0
59147.344497282924,0.2437686419142735,0.0
59147.351441818304,0.9682135651026265,0.0
59147.35838635362,-1.8746606616638748,0.0
59147.36533088893,-0.1622471905750391,0.0
59147.37227542425,2.9267757126540883,0.0
59147.379219959505,1.7967154017427913,0.0
59147.3861644947,1.7633452512806005,0.0
59147.39310902991,3.155740793478545,0.0
59147.40005356511,1.600528693316392,0.0
59147.40699810025,0.44096666476712,0.0
59147.41394263533,0.9424656229774167,0.0
59147.42088717041,0.5778301190250295,0.0
59147.42783170544,1.1274825697020407,0.0
59147.434776240465,1.9442705489507062,0.0
59147.44172077543,1.1170204474198884,0.0
59147.448665310396,-0.0325347581851938,0.0
59147.4556098453,0.6219209702883712,0.0
59147.46255438021,0.3764042639863936,0.0
59147.46949891507,0.1679393333161534,0.0
59147.476443449916,0.796609709270256,0.0
59147.48338798471,0.5408284344723917,0.0
59147.4903325195,-1.1879648507342102,0.0
59147.49727705423,0.566087147306158,0.0
59147.50422158891,0.6860264536107739,0.0
59147.511166123586,1.2061359584361684,0.0
59147.51811065826,1.3248909100852755,0.0
59147.52505519288,1.52625504110819,0.0
59147.53199972749,-0.02072585823964035,0.0
59147.53894426205,1.2792937245795244,0.0
59147.54588879656,-1.196157092190385,0.0
59147.55283333106,-0.16777705620735617,0.0
59147.55977786556,1.3211335701046845,0.0
59147.5667224,0.7054916015834598,0.0
59147.57366693438,0.25170990814953464,0.0
59147.58061146877,0.696964226906033,0.0
59147.5875560031,0.06473996044376218,0.0
59147.59450053742,0.6482799686128806,0.0
59147.60144507175,-0.5706733418322862,0.0
59147.608389606015,1.0269921315440458,0.0
59147.615334140224,1.2044890354306976,0.0
59147.62227867444,-0.9662392902555048,0.0
59147.62922320859,-0.14331915036967358,0.0
59147.63616774274,0.9929532629309752,0.0
59147.64311227683,0.505347774526208,0.0
59147.650056810926,-0.6185281172464467,0.0
59147.65700134497,-0.7574467986226141,0.0
59147.663945879,1.282759613241101,0.0
59147.67089041298,0.5244195984146716,0.0
59147.67783494695,0.5081292876714865,0.0
59147.68477948087,1.1380136990382637,0.0
59147.69172401479,0.5374433900094315,0.0
59147.698668548655,0.6494133561231248,0.0
59147.705613082515,1.164061476876809,0.0
59147.712557616316,0.4823073615787816,0.0
59147.71950215012,0.2857418886372778,0.0
59147.72644668386,1.2426218401787397,0.0
59147.73339121761,1.7429440523174684,0.0
59147.740335751296,0.37773444016224733,0.0
59147.74728028498,0.34311690812823104,0.0
59147.75422481861,0.3072247590375965,0.0
59147.761169352234,-0.30302208049654444,0.0
59147.7681138858,0.16554476241936023,0.0
59147.77505841938,0.3041359279030744,0.0
59147.78200295289,-0.38999180529185695,0.0
59147.7889474864,2.567981126070385,0.0
59147.79589201985,-0.013606203934981131,0.0
59147.8028365533,-0.5194042895693483,0.0
59147.809781086704,0.38765142916584105,0.0
59147.81672562004,0.3609749933044317,0.0
59147.82367015343,1.2900308729154801,0.0
59147.83061468671,3.291989515329177,0.0
59147.83755921999,1.0417130712267162,0.0
59147.844503753266,1.795703882722512,0.0
59147.85144828649,0.6457371587663769,0.0
59147.85839281971,-0.2886925964573508,0.0
59147.86533735287,0.14320790173223585,0.0
59147.87228188603,1.2735491061425201,0.0
59147.87922641914,2.2204004633115764,0.0
59147.886170952246,0.7343227869974158,0.0
59147.89311548529,1.0097985430642478,0.0
59147.900060018335,0.47246727218508644,0.0
59147.90700455132,-0.2535173656575105,0.0
59147.91394908425,2.1955698639890144,0.0
59147.920893617236,2.4255279744259037,0.0
59147.92783815011,0.5799565015240415,0.0
59147.93478268298,0.7700896429383826,0.0
59147.94172721585,2.3863369823745137,0.0
59147.948671748665,1.046146709881873,0.0
59147.95561628148,2.509965394381972,0.0
59147.96256081424,0.8768890078846101,0.0
59147.96950534699,1.131089204792926,0.0
59147.97644987969,-0.08695552822934172,0.0
59147.98339441238,1.3341956603853613,0.0
59147.99033894502,0.6652245086550708,0.0
59147.99728347766,1.1862885821865143,0.0
59148.00422801024,1.7655017515159295,0.0
59148.01117254282,-1.0443566439632486,0.0
59148.01811707534,2.5035085329421336,0.0
59148.02506160786,0.6758628715460411,0.0
59148.03200614033,1.01995451026714,0.0
59148.038950672795,2.211762070988992,0.0
59148.04589520526,-0.3551331731413696,0.0
59148.052839737604,-0.5822185905365957,0.0
59148.05978427001,-1.3175400282213476,0.0
59148.066728802354,-0.18474315147238274,0.0
59148.07367333465,1.8890136530190031,0.0
59148.08061786694,-1.1204853513107413,0.0
59148.08756239917,1.2477096298399677,0.0
59148.0945069314,1.1098945358735226,0.0
59148.10145146357,2.0649182974474867,0.0
59148.10839599575,1.4453101175843392,0.0
59148.11534052792,-0.31887826413480846,0.0
59148.12228506003,1.4280230744240892,0.0
59148.12922959209,-0.5105755905222309,0.0
59148.13617412414,0.9898077891407935,0.0
59148.143118656204,1.7063393263213902,0.0
59148.1500631882,1.5173895829517599,0.0
59148.15700772014,2.082740031158031,0.0
59148.16395225208,0.9557824119706382,0.0
59148.17089678402,-0.9786289488988023,0.0
59148.177841315905,-0.08701346867285986,0.0
59148.18478584773,1.1773938958726857,0.0
59148.19173037955,1.788820463096291,0.0
59148.19867491137,2.073611555579855,0.0
59148.205619443135,1.1246028118179208,0.0
59148.2125639749,-0.6438405108456426,0.0
59148.219508506605,1.8641224997245431,0.0
59148.22645303832,0.5971625538250485,0.0
59148.233397569966,0.003952208891894404,0.0
59148.240342101555,0.9214422918917791,0.0
59148.2472866332,0.5268578037436318,0.0
59148.25423116474,1.3906363012347005,0.0
59148.26117569633,-0.18462096568500774,0.0
59148.2681202278,0.7534235389190806,0.0
59148.275064759335,-0.5796441580056206,0.0
59148.28200929081,-0.8571471766197467,0.0
59148.28895382222,0.6081417698132321,0.0
59148.295898353645,-0.30085627905420953,0.0
59148.302842885,2.946349088837322,0.0
59148.30978741636,0.030548082652309017,0.0
59148.316731947656,0.2948507469394732,0.0
59148.323676478954,0.11487475418456139,0.0
59148.33062101025,0.1529066080913286,0.0
59148.3375655415,1.685893708775839,0.0
59148.34451007268,-0.23393172664158257,0.0
59148.351454603864,1.8525743762045668,0.0
59148.358399135046,1.268440253991756,0.0
59148.36534366617,0.9342199520693448,0.0
59148.37228819724,0.9473926261434649,0.0
59148.379232728366,0.5490167890139408,0.0
59148.386177259374,0.7834420253961136,0.0
59148.39312179038,2.726742929604454,0.0
59148.40006632139,0.4509498908322471,0.0
59148.407010852345,0.6671964110171831,0.0
59148.413955383294,0.7834762827188424,0.0
59148.420899914185,-0.533329390490989,0.0
59148.427844445076,0.6800253825981208,0.0
59148.43478897591,-0.0006480447955743429,0.0
59148.44173350674,0.11905390232444191,0.0
59148.44867803752,0.5949403837065215,0.0
59148.4556225683,0.2655626395178041,0.0
59148.46256709907,0.8672111748621605,0.0
59148.46951162979,-0.4031634739176013,0.0
59148.47645616045,-0.08664458120282559,0.0
59148.48340069111,-1.0047101055243846,0.0
59148.49034522177,0.4478167984096233,0.0
59148.49728975237,2.0856259600293168,0.0
59148.50423428291,1.3994968227418436,0.0
59148.51117881345,0.5437026186795939,0.0
59148.518123344,3.8552709327433137,0.0
59148.525067874485,1.1423277191455963,0.0
59148.53201240497,0.4850144030200907,0.0
59148.538956935394,0.9935569172777461,0.0
59148.54590146582,0.263140110709005,0.0
59148.55284599619,2.065739375258353,0.0
59148.55979052656,1.5777227581625217,0.0
59148.56673505687,1.5203264414212971,0.0
59148.57367958718,1.4123889954980013,0.0
59148.58062411743,0.17584301717269035,0.0
59148.58756864768,0.2492173375672153,0.0
59148.59451317794,1.0328817892402942,0.0
59148.60145770813,1.2405326599170694,0.0
59148.608402238264,1.4415938649250166,0.0
59148.6153467684,1.2197762208654157,0.0
59148.62229129853,2.0438667541342492,0.0
59148.629235828615,2.0537735840318323,0.0
59148.63618035863,0.20566815943800654,0.0
59148.64312488865,0.27953003790725983,0.0
59148.65006941867,0.7054756363439503,0.0
59148.65701394863,0.8245182084575529,0.0
59148.66395847859,1.1462135413611714,0.0
59148.6709030085,0.2512138585628758,0.0
59148.6778475384,0.224717304731048,0.0
59148.6847920683,2.3065803553678896,0.0
59148.69173659814,1.4813545163307045,0.0
59148.698681127935,0.4135403031858931,0.0
59148.70562565772,-1.024759765928354,0.0
59148.71257018745,-0.7144336137587031,0.0
59148.71951471717,-0.7947472460102256,0.0
59148.7264592469,0.274651419721343,0.0
59148.73340377657,0.5719507126896337,0.0
59148.740348306244,1.7575599073078925,0.0
59148.747292835855,2.6088915664124235,0.0
59148.754237365465,0.19769829790361548,0.0
59148.76118189502,0.4003179125949745,0.0
59148.76812642457,1.2616338643629028,0.0
59148.77507095407,1.862881772182544,0.0
59148.782015483564,0.4385369175118705,0.0
59148.788960013,1.3733214495133699,0.0
59148.795904542436,1.1066817564688067,0.0
59148.80284907181,0.6211078919441226,0.0
59148.80979360119,1.2777770762485852,0.0
59148.816738130576,0.9087141879320106,0.0
59148.823682659895,1.9457330890461253,0.0
59148.830627189214,0.1897771508671111,0.0
59148.837571718475,0.19882630844879712,0.0
59148.84451624768,-0.4419975754779317,0.0
59148.85146077695,-0.37484371829749863,0.0
59148.85840530609,1.4721222233729274,0.0
59148.865349835294,2.2015894381341936,0.0
59148.87229436444,1.1411465420178506,0.0
59148.879238893525,1.213127564722417,0.0
59148.88618342262,-0.0012831446264915947,0.0
59148.89312795165,2.1977180841584305,0.0
59148.900072480676,2.599486383330502,0.0
59148.907017009704,-1.4833338107071148,0.0
59148.913961538674,1.8000194491521508,0.0
59148.92090606759,0.272709562761174,0.0
59148.92785059656,2.091903552315404,0.0
59148.93479512542,1.5663193018538148,0.0
59148.94173965427,0.6639695079356067,0.0
59148.948684183124,0.9561610468292039,0.0
59148.95562871198,1.1950112848102257,0.0
59148.96257324072,0.43876928376496194,0.0
59148.96951776952,-0.4788528131412617,0.0
59148.976462298255,3.627819902350765,0.0
59148.983406826934,1.015539543791577,0.0
59148.99035135561,-0.29214932339849886,0.0
59148.9972958843,1.308622614120973,0.0
59149.00424041292,0.7362477769177178,0.0
59149.01118494154,0.4680820435885451,0.0
59149.0181294701,0.763159840951043,0.0
59149.02507399861,-1.0545450416641011,0.0
59149.03201852717,-0.1800988935995278,0.0
59149.03896305568,0.4116857850269815,0.0
59149.04590758413,2.4200173566651384,0.0
59149.052852112574,1.772443244318386,0.0
59149.05979664096,1.6904723154790111,0.0
59149.06674116936,0.21676509407478894,0.0
59149.073685697746,-1.8564901685525874,0.0
59149.080630226075,-0.9150649975490408,0.0
59149.08757475435,0.4459824213667378,0.0
59149.09451928268,0.938085302555586,0.0
59149.10146381089,0.10141310383030655,0.0
59149.10840833917,0.7438697048758054,0.0
59149.115352867324,0.43428172709785917,0.0
59149.12229739554,-0.15877626724044003,0.0
59149.12924192369,2.9725001858792677,0.0
59149.13618645179,1.402325310627178,0.0
59149.14313097989,-0.03871767425625894,0.0
59149.15007550793,2.980243030829181,0.0
59149.15702003603,1.11862669288068,0.0
59149.16396456401,1.3442346625464903,0.0
59149.17090909199,0.45298152404449565,0.0
59149.17785361998,0.38286716757814654,0.0
59149.1847981479,-1.3695393572741357,0.0
59149.19174267582,0.9205127759881662,0.0
59149.19868720369,-0.9842983818608513,0.0
59149.20563173155,0.4342536891357587,0.0
59149.21257625942,0.5809721843342803,0.0
59149.21952078723,0.8628434499515312,0.0
59149.226465314976,0.9500481276667787,0.0
59149.23340984272,2.082810809597352,0.0
59149.24035437047,1.3523550506738378,0.0
59149.24729889816,-1.4232123370697942,0.0
59149.25424342586,-0.16995524216611635,0.0
59149.26118795349,0.35462455004704285,0.0
59149.26813248112,0.8043477162831854,0.0
59149.27507700869,-1.384016775995093,0.0
59149.282021536266,-0.8227402046269132,0.0
59149.28896606385,-0.3449245008450035,0.0
59149.29591059136,2.5653519693780447,0.0
59149.30285511882,0.3198843679090575,0.0
59149.309799646275,1.6761893483381316,0.0
59149.31674417373,-0.6966116900848056,0.0
59149.32368870114,-0.9889032010846073,0.0
59149.330633228536,2.3214218264581117,0.0
59149.337577755876,2.4420033616261563,0.0
59149.344522283216,0.49074196373461065,0.0
59149.351466810556,2.1598386270112155,0.0
59149.358411337846,1.3258756963025018,0.0
59149.36535586507,0.53715568601275,0.0
59149.37230039229,2.1087012734103463,0.0
59149.37924491952,-0.16158754409504894,0.0
59149.38618944668,0.5684825056141536,0.0
59149.39313397385,0.31515023973122336,0.0
59149.40007850096,-0.3638809789360582,0.0
59149.40702302807,-0.5829042614328559,0.0
59149.41396755512,-0.15434543152811386,0.0
59149.42091208217,0.917387180842415,0.0
59149.427856609225,1.2587869020214875,0.0
59149.434801136216,1.2531174813052828,0.0
59149.44174566315,2.2092780861858965,0.0
59149.44869019008,0.9196309506200655,0.0
59149.455634717015,-0.11630640508353274,0.0
59149.46257924389,0.4659492552546678,0.0
59149.46952377077,-0.15377903718116537,0.0
59149.47646829759,0.7371104237295207,0.0
59149.483412824404,0.1697328284259072,0.0
59149.49035735122,0.04441058677048071,0.0
59149.49730187798,0.37177113127756733,0.0
59149.504246404686,0.04548659053563897,0.0
59149.511190931385,0.8241013046396999,0.0
59149.518135458085,0.0900870881917859,0.0
59149.52507998473,3.039739910918474,0.0
59149.53202451137,0.20175009842966474,0.0
59149.53896903796,1.8241299051912008,0.0
59149.54591356454,0.9604357009426763,0.0
59149.55285809107,0.12176679235025234,0.0
59149.559802617594,0.07223239843684603,0.0
59149.56674714412,2.1828058868176816,0.0
59149.57369167059,-0.21090448379961257,0.0
59149.58063619706,0.24858300581715742,0.0
59149.58758072347,1.5208258868450986,0.0
59149.59452524988,1.3319253481213242,0.0
59149.60146977623,1.0076496592994957,0.0
59149.60841430258,-0.08232674028096332,0.0
59149.61535882888,1.5740517497860425,0.0
59149.62230335517,1.0023611190908905,0.0
59149.629247881465,-0.6366037740457755,0.0
59149.6361924077,0.9949841401920239,0.0
59149.64313693388,0.7195753981233839,0.0
59149.65008146012,1.716296783538148,0.0
59149.657025986235,1.7590182788953488,0.0
59149.66397051241,1.12578590623017,0.0
59149.67091503847,0.2936678451836521,0.0
59149.67785956459,3.5574910917754843,0.0
59149.68480409065,1.5780949752222826,0.0
59149.69174861666,1.9075858644176393,0.0
59149.69869314266,0.9088099047910179,0.0
59149.70563766866,2.7774012370475814,0.0
59149.7125821946,0.9040038678061721,0.0
59149.71952672055,1.5043251594493445,0.0
59149.72647124644,-0.47016730590470424,0.0
59149.73341577232,1.115981985110358,0.0
59149.74036029815,1.3576380528327907,0.0
59149.74730482398,2.881420318479513,0.0
59149.754249349804,0.5124834587065421,0.0
59149.76119387558,1.372460005210835,0.0
59149.76813840135,-0.3887008069640754,0.0
59149.77508292706,3.412664531893572,0.0
59149.78202745277,1.800945152264461,0.0
59149.78897197843,1.2606115951546002,0.0
59149.79591650408,1.0856125940535657,0.0
59149.802861029675,1.696567240556046,0.0
59149.80980555527,0.07248059997967315,0.0
59149.81675008086,-0.008240919555206894,0.0
59149.8236946064,1.0906784867332981,0.0
59149.830639131884,0.8713152534801858,0.0
59149.83758365742,0.21443686737179424,0.0
59149.84452818284,1.4644712151822763,0.0
59149.85147270832,2.5646565834307964,0.0
59149.858417233736,0.5182940730862171,0.0
59149.865361759104,0.6748213701638468,0.0
59149.872306284466,0.6460830169789165,0.0
59149.87925080983,0.7607038545849667,0.0
59149.88619533513,0.49479849864290637,0.0
59149.893139860375,-0.3707456001870877,0.0
59149.900084385685,1.2154061267611445,0.0
59149.90702891087,0.23428355207411378,0.0
59149.913973436116,3.2713697718079553,0.0
59149.9209179613,1.7718772384648596,0.0
59149.92786248643,3.0871364463632296,0.0
59149.93480701157,1.0187502724862383,0.0
59149.941751536695,2.2158738939160063,0.0
59149.948696061765,-0.2888358402655067,0.0
59149.955640586835,-0.501539901410925,0.0
59149.96258511185,0.3126260672892329,0.0
59149.96952963686,0.514689040702081,0.0
59149.97647416182,0.3703039973071971,0.0
59149.983418686774,-0.20437968216898383,0.0
59149.99036321173,1.5379098048968203,0.0
59149.99730773662,-0.4439958450620778,0.0
59150.00425226147,1.8606747086385953,0.0
59150.011196786305,-0.5200030703088481,0.0
59150.01814131114,1.0052085604141316,0.0
59150.02508583598,1.459388758984141,0.0
59150.0320303607,-0.6221726964458292,0.0
59150.03897488548,0.15074849401179113,0.0
59150.04591941021,1.2094349268694158,0.0
59150.05286393487,1.0136634994086635,0.0
59150.05980845953,0.8297626207866475,0.0
59150.066752984196,-0.44300229179556405,0.0
59150.07369750881,-0.668178990754531,0.0
59150.08064203341,-0.7030655837988706,0.0
59150.08758655796,0.8942815866437197,0.0
59150.094531082505,1.267536486191604,0.0
59150.10147560705,4.685430732887483,0.0
59150.10842013154,-1.140259401382188,0.0
59150.115364655976,1.8052580705274648,0.0
59150.122309180464,2.6024529842906055,0.0
59150.129253704836,1.4434070974964979,0.0
59150.136198229266,-0.05401097396172583,0.0
59150.14314275358,0.11491457859043397,0.0
59150.15008727796,-0.6841010050611849,0.0
59150.15703180227,0.5385411704107508,0.0
59150.16397632653,1.7232794709275665,0.0
59150.17092085078,1.56975312153296,0.0
59150.17786537504,0.7457505805177271,0.0
59150.18480989924,0.04583828949812063,0.0
59150.19175442344,-0.6138809912414191,0.0
59150.19869894758,2.1575689623945222,0.0
59150.205643471716,2.8474996659317773,0.0
59150.212587995855,0.03671849195552768,0.0
59150.21953251994,0.19428945565109368,0.0
59150.226477043965,0.4527254704112651,0.0
59150.23342156799,1.1428652310875012,0.0
59150.24036609201,0.1344041334992394,0.0
59150.247310615974,-0.21036350463705933,0.0
59150.254255139946,0.5694058479242725,0.0
59150.26119966391,1.8206131428042036,0.0
59150.268144187816,1.8811845406702723,0.0
59150.27508871166,2.643769800366565,0.0
59150.28203323551,0.5697911954092969,0.0
59150.28897775937,1.1554956090964077,0.0
59150.295922283156,0.005608430371900175,0.0
59150.302866806946,1.574015763232033,0.0
59150.30981133068,-0.49345102783701567,0.0
59150.31675585441,0.17295774803763364,0.0
59150.32370037814,1.4878354644436524,0.0
59150.33064490182,0.6252124784479358,0.0
59150.337589425435,-0.02248680183458962,0.0
59150.34453394905,0.45828901212175355,0.0
59150.351478472665,0.8430813865513476,0.0
59150.35842299623,2.7145345549938735,0.0
59150.365367519786,1.4793776786757518,0.0
59150.372312043284,-0.15146718037317664,0.0
59150.37925656678,0.21713936646708065,0.0
59150.38620109028,0.7772306641617794,0.0
59150.39314561373,0.5853510298615163,0.0
59150.40009013717,-0.3665475115440686,0.0
59150.434812753854,3.4128087156623583,0.0
59150.44175727712,-2.00418661506735,0.0
59150.448701800386,-0.46480202382092206,0.0
59150.45564632359,1.2323613981989774,0.0
59150.4625908468,-0.047959427340867666,0.0
59150.46953536996,0.19579817287655965,0.0
59150.47647989311,1.477813919598284,0.0
59150.4834244162,-0.4616977304129697,0.0
59150.4903689525,1.3026100137162882,0.0
59150.49731347559,-0.35391689538827653,0.0
59150.50425799863,-0.20366173843434243,0.0
59150.511202521666,1.4747069369757544,0.0
59150.51814704464,0.3686015620299239,0.0
59150.525091567615,-1.9960219017775813,0.0
59150.53203609053,0.7997952292923354,0.0
59150.53898061345,1.4998404109138974,0.0
59150.54592513631,0.5980384449922065,0.0
59150.55286965917,-0.06862255172547749,0.0
59150.55981418203,0.2936482168348036,0.0
59150.56675870484,1.5537941658042267,0.0
59150.57370322764,0.020254205675150017,0.0
59150.58064775038,1.3902040958895734,0.0
59150.58759227312,-0.26052235966688464,0.0
59150.59453679586,-0.05688871449062982,0.0
59150.60148131855,2.338020076779469,0.0
59150.60842584118,-0.35729253405881356,0.0
59150.615370363805,2.704825335615461,0.0
59150.62231488643,2.5728614726621757,0.0
59150.629259409,1.175669714820526,0.0
59150.63620393157,1.0400056481911784,0.0
59150.64314845414,0.06991551057792655,0.0
59150.65009297665,0.1910278953105502,0.0
59150.6570374991,0.7403697822413884,0.0
59150.66398202155,0.5362625804544661,0.0
59150.670926544,2.691257696646688,0.0
59150.67787106639,1.7283341966115102,0.0
59150.68481558879,-0.16249742554514857,0.0
59150.69176011113,0.5169808858640808,0.0
59150.69870463346,-0.058533126671629354,0.0
59150.70564915574,2.273135550803959,0.0
59150.71259367808,-1.0053693199320874,0.0
59150.7195382003,0.5513061702897011,0.0
59150.726482722515,0.3662520142825154,0.0
59150.73342724473,0.831766462915996,0.0
59150.74037176689,-0.05488393922286239,0.0
59150.74731628906,0.38512184642432556,0.0
59150.75426081122,1.5053520703093224,0.0
59150.76120533332,0.6215350932349977,0.0
59150.768149855365,0.2705441878366992,0.0
59150.775094377415,1.286999363846859,0.0
59150.78203889946,0.1615865441247477,0.0
59150.788983421444,0.7632067785311327,0.0
59150.79592794343,3.2977867629347686,0.0
59150.802872465356,1.336427119835342,0.0
59150.80981698728,1.3181289128426656,0.0
59150.81676150922,0.7888185672150791,0.0
59150.823706031086,0.31221304113187265,0.0
59150.830650552954,0.05496464950385471,0.0
59150.837595074765,1.3105456400150084,0.0
59150.844539596575,0.22928283927004722,0.0
59150.851484118335,1.9120632628884315,0.0
59150.85842864009,-0.5503744693894712,0.0
59150.86537316178,1.9188205668745102,0.0
59150.872317683476,1.6970898483212098,0.0
59150.87926220517,2.4622211903164266,0.0
59150.886206726806,0.4438042172649679,0.0
59150.89315124845,0.7436249231808678,0.0
59150.90009577003,2.506812309387983,0.0
59150.907040291604,-0.6197702327705645,0.0
59150.91398481313,0.7863714009115266,0.0
59150.92092933465,1.451757342337801,0.0
59150.92787385617,-0.15616283200626113,0.0
59150.93481837763,0.03775995837629598,0.0
59150.94176289909,1.8564792408309247,0.0
59150.948707420495,0.26110297490233303,0.0
59150.955651941906,0.6340258499474434,0.0
59150.96259646325,-0.2272725178259829,0.0
59150.969540984595,1.0801389763981386,0.0
59150.97648550594,0.9122515742118282,0.0
59150.983430027234,-0.7293934606424837,0.0
59150.99037454846,-0.503899810659775,0.0
59150.99731906975,1.7994279441453171,0.0
59151.00426359092,1.0902688369791385,0.0
59151.01120811215,-0.31620394673540186,0.0
59151.01815263332,-0.040701821447512776,0.0
59151.02509715444,0.7765584628581108,0.0
59151.03204167555,-0.4131562046504371,0.0
59151.03898619666,0.5130015797853913,0.0
59151.045930717715,3.0163154118072213,0.0
59151.052875238776,1.1333587791300235,0.0
59151.05981975977,1.8532025591234702,0.0
59151.06676428077,-0.4512319743797879,0.0
59151.073708801705,-1.4378668064374538,0.0
59151.08065332264,0.7039238494913598,0.0
59151.08759784358,0.7034144629950367,0.0
59151.094542364466,1.8051045104902592,0.0
59151.101486885345,-1.1289860566797263,0.0
59151.108431406166,1.571176764200053,0.0
59151.11537592699,1.6032247737446004,0.0
59151.12232044775,0.7043463042313713,0.0
59151.12926496852,1.264754143942819,0.0
59151.13620948928,0.08200815513361581,0.0
59151.14315400999,1.3529041701386424,0.0
59151.150098530634,-0.5088668069676245,0.0
59151.15704305128,0.0062180157317845985,0.0
59151.163987571934,0.27933070813666805,0.0
59151.17093209258,0.48538482065684097,0.0
59151.17787661311,1.518781211232409,0.0
59151.1848211337,0.11169290444241042,0.0
59151.191765654235,0.3912135393802665,0.0
59151.198710174765,1.5384182668147055,0.0
59151.20565469524,1.8908477443719547,0.0
59151.21259921565,-8.913778901753489e-05,0.0
59151.21954373612,-0.7475981765165742,0.0
59151.226488256536,0.7935036856485991,0.0
59151.2334327769,1.0236626366939867,0.0
59151.240377297254,0.3146032998193684,0.0
59151.24732181761,0.3051371744862841,0.0
59151.254266337906,2.250644746190193,0.0
59151.261210858145,1.4618918849213294,0.0
59151.26815537845,1.4363071705157378,0.0
59151.27509989863,-0.27957358564655865,0.0
59151.28204441887,2.0117635827100537,0.0
59151.28898893905,1.133535997606678,0.0
59151.29593345917,2.1529092447328138,0.0
59151.3028779793,-1.1964290316674744,0.0
59151.309822499425,0.6022769206158922,0.0
59151.31676701949,1.195411181878038,0.0
59151.32371153955,-0.26489961063436906,0.0
59151.33065605957,1.8412660635284528,0.0
59151.33760057957,0.97523176736962,0.0
59151.34454509958,1.0955097327422858,0.0
59151.35148961953,-1.165491788357088,0.0
59151.358434139416,3.555734325352057,0.0
59151.36537865931,-0.09787827787406744,0.0
59151.3723231792,-0.09179243002646098,0.0
59151.379267699034,1.844299112582109,0.0
59151.386212218866,0.9828422112138506,0.0
59151.3931567387,-1.0388180191428704,0.0
59151.40010125847,0.6482907591957745,0.0
59151.40704577819,0.8193094259126803,0.0
59151.41399029791,-0.38227100887377263,0.0
59151.42093481762,0.7003932494202993,0.0
59151.42787933728,2.2541505560203254,0.0
59151.43482385694,1.065884556144777,0.0
59151.44176837654,3.223949344637015,0.0
59151.44871289614,0.7022829989399133,0.0
59151.45565741574,0.6672548304753989,0.0
59151.46260193528,-0.5374847463680827,0.0
59151.46954645477,2.6013132877664256,0.0
59151.47649097431,-1.1290380899922985,0.0
59151.483435493734,1.7594157934859824,0.0
59151.490380013216,1.922653640343169,0.0
59151.49732453258,0.18936132003197392,0.0
59151.50426905201,0.5175471458351988,0.0
59151.51121357138,1.3060085081753612,0.0
59151.51815809069,0.6760755775652969,0.0
59151.52510261005,1.0142760215920574,0.0
59151.5320471293,0.2765014801688539,0.0
59151.53899164856,0.39730730911506607,0.0
59151.54593616781,0.6995743475647576,0.0
59151.55288068706,1.413474105941202,0.0
59151.55982520625,-0.6789035121502134,0.0
59151.56676972538,1.671163424417634,0.0
59151.573714244514,1.1650874438070233,0.0
59151.580658763654,1.860536562686749,0.0
59151.58760328273,0.6653465795792612,0.0
59151.594547801804,1.2685581912306967,0.0
59151.60149232082,1.4505744678209251,0.0
59151.608436839844,0.383196417729081,0.0
59151.6153813588,0.46432623931237593,0.0
59151.62232587776,1.0349660286476463,0.0
59151.62927039672,2.2093925536411527,0.0
59151.63621491562,-1.0591803202784928,0.0
59151.64315943452,2.4104615700801673,0.0
59151.65010395337,0.07423817158807511,0.0
59151.65704847221,0.5720246660690607,0.0
59151.663992990994,2.787450294417645,0.0
59151.670937509785,0.6239256281458103,0.0
59151.67788202857,0.11113726239336019,0.0
59151.684826547295,-1.442774366178901,0.0
59151.69177106596,0.883441208255872,0.0
59151.69871558469,0.9886752632197329,0.0
59151.7056601033,0.15133022613093017,0.0
59151.71260462197,-0.49689867081334316,0.0
59151.71954914058,-0.8361579996337491,0.0
59151.72649365913,0.6871436304119389,0.0
59151.73343817768,0.9717160556677626,0.0
59151.74038269624,-0.6845617942260847,0.0
59151.74732721473,-0.9792621620137487,0.0
59151.754271733225,0.7630815666288928,0.0
59151.76121625166,0.23022166360621177,0.0
59151.768160770094,0.4797612826010751,0.0
59151.77510528847,0.5842604761226613,0.0
59151.782049806854,0.3305086266028736,0.0
59151.78899432517,0.9116804396629108,0.0
59151.79593884355,1.2174529568809436,0.0
59151.80288336181,1.8818001155206132,0.0
59151.809827880075,0.6866337853207731,0.0
59151.816772398335,3.0822790022988746,0.0
59151.82371691654,0.9490534152325818,0.0
59151.83066143474,0.4208496005608713,0.0
59151.83760595294,0.9352687665236807,0.0
59151.84455047108,0.4308004401662706,0.0
59151.851494989176,0.5570006678657298,0.0
59151.85843950726,-0.610722494907586,0.0
59151.86538402535,1.5951771306951756,0.0
59151.87232854337,1.060706712894916,0.0
59151.87927306141,1.1105156463133303,0.0
59151.886217579435,-0.6765936171260738,0.0
59151.893162097345,0.14588961088508312,0.0
59151.900106615314,0.488102931374768,0.0
59151.907051133225,0.9368626944711345,0.0
59151.913995651135,4.128243129816629,0.0
59151.920940168995,0.01489356339899195,0.0
59151.92788468685,0.42010645053641715,0.0
59151.93482920464,0.5254494327301527,0.0
59151.941773722436,0.5697700521754223,0.0
59151.94871824018,2.117668096914194,0.0
59151.955662757915,-0.4612459708738821,0.0
59151.96260727565,2.094583703071259,0.0
59151.96955179333,0.39590509752026226,0.0
59151.97649631095,0.7322961223646876,0.0
59151.983440828626,-0.222014595568246,0.0
59151.990385346195,1.643299436024093,0.0
59151.997329863814,0.24427926794037558,0.0
59152.004274381376,0.6383100514798223,0.0
59152.011218898886,-0.49893226425942605,0.0
59152.01816341639,2.047037763716408,0.0
59152.02510793389,0.9399411880231132,0.0
59152.03205245134,-0.019314566360022045,0.0
59152.038996968724,-0.17783965169354543,0.0
59152.04594148617,0.23983321832937454,0.0
59152.052886003505,0.5655352035109802,0.0
59152.05983052089,1.141329857949123,0.0
59152.06677503822,1.0584798609240385,0.0
59152.07371955549,0.4949100242245512,0.0
59152.08066407277,2.102063946109178,0.0
59152.08760859004,1.4450589671377383,0.0
59152.09455310725,1.0103926995412984,0.0
59152.10149762446,0.815757283718999,0.0
59152.108442141616,1.6633298590034027,0.0
59152.11538665877,-0.46564435502948465,0.0
59152.12233117587,-0.5573054737741749,0.0
59152.12927569297,0.1191987591720669,0.0
59152.136220210064,-0.375476287009223,0.0
59152.1431647271,0.9626276094571142,0.0
59152.15010924409,0.8048238269280055,0.0
59152.157053761126,-0.3917209358584657,0.0
59152.16399827805,0.34955827473209977,0.0
59152.170942795026,-0.41849725556332684,0.0
59152.17788731195,0.17101076024875028,0.0
59152.18483182881,0.9325623160298777,0.0
59152.19177634568,0.3492493905758902,0.0
59152.198720862485,-1.045038554504834,0.0
59152.20566537935,1.3077147142238263,0.0
59152.212609896094,0.9867555111237585,0.0
59152.21955441285,0.08783681016032618,0.0
59152.226498929595,1.3289203932111104,0.0
59152.23344344634,1.2315558333536938,0.0
59152.24038796297,2.8817796710602206,0.0
59152.24733247966,-0.31791926327488573,0.0
59152.25427699629,0.9015565361041964,0.0
59152.26122151287,1.2811588758700596,0.0
59152.26816602944,0.38924905077657446,0.0
59152.27511054601,0.7816141640761616,0.0
59152.282055062526,0.08758444408019406,0.0
59152.28899957905,-0.6116066343112709,0.0
59152.2959440955,1.478905971984478,0.0
59152.30288861196,1.6956552040498232,0.0
59152.30983312841,0.6743824703322159,0.0
59152.31677764481,-0.668372605591417,0.0
59152.323722161156,-0.03712738140165106,0.0
59152.330666677495,-0.003376510580753944,0.0
59152.337611193834,0.8383220344534186,0.0
59152.344555710115,1.026236500831781,0.0
59152.3515002264,1.5277210365575247,0.0
59152.358444742626,0.50448542705762,0.0
59152.36538925885,0.9577469724314209,0.0
59152.37233377507,1.4374240198640973,0.0
59152.379278291235,-0.11138273525749298,0.0
59152.38622280735,-0.07987684739358047,0.0
59152.393167323455,1.112163869435642,0.0
59152.40011183956,-1.2346843447865128,0.0
59152.40705635561,0.36066156494932633,0.0
59152.41400087166,0.7577945390409209,0.0
59152.420945387654,-0.9384479283377425,0.0
59152.42788990364,0.5552562429481924,0.0
59152.43483441963,2.063869604955317,0.0
59152.441778935565,2.0321853706767166,0.0
59152.44872345144,0.5598300094606279,0.0
59152.45566796732,2.134148811640008,0.0
59152.46261248319,1.2551095824193692,0.0
59152.46955699901,2.5737588606379265,0.0
59152.47650151482,-0.1542946716271718,0.0
59152.48344603059,0.27022498185222377,0.0
59152.49039054634,-0.3164336929175846,0.0
59152.4973350621,0.2666286639557298,0.0
59152.50427957774,1.0795384133702375,0.0
59152.51122409344,1.2775173854782547,0.0
59152.51816860908,0.1060592942475389,0.0
59152.52511312473,2.4064066017979346,0.0
59152.53205764031,-0.07154057037973605,0.0
59152.53900215589,0.5139570394065931,0.0
59152.54594667142,-0.15437005552375416,0.0
59152.55289118695,1.1646385896762563,0.0
59152.559835702414,-1.629059863726206,0.0
59152.56678021788,1.307556741650048,0.0
59152.573724733345,-0.08519188443545334,0.0
59152.58066924875,0.7313257618208777,0.0
59152.5876137641,0.7806091493896652,0.0
59152.59455827946,0.9984134160930709,0.0
59152.60150279481,0.06988290703637734,0.0
59152.6084473101,-0.021639093976751234,0.0
59152.61539182539,0.6733867190259453,0.0
59152.62233634069,1.065881055931528,0.0
59152.629280855865,2.329118822295866,0.0
59152.6362253711,0.007212440727606406,0.0
59152.64316988627,-0.23746462275437352,0.0
59152.6501144014,1.2517079542942504,0.0
59152.65705891657,-0.8682923009734931,0.0
59152.66400343163,1.1090257113897468,0.0
59152.67094794669,-0.48341674214114194,0.0
59152.67789246175,1.7429783345618346,0.0
59152.684836976805,-0.2095556695629841,0.0
59152.691781491754,-0.28701203880508186,0.0
59152.698726006754,-0.9333267185449445,0.0
59152.7056705217,0.6618644595880778,0.0
59152.71261503658,2.5778857298488655,0.0
59152.71955955147,0.8939088414640386,0.0
59152.726504066355,0.5693229678209417,0.0
59152.73344858118,3.0023933089762354,0.0
59152.740393096006,0.22926157960887794,0.0
59152.74733761078,0.3484615957152635,0.0
59152.75428212555,1.9643507288233213,0.0
59152.76122664026,0.31129922867205284,0.0
59152.76817115497,0.2152296184265814,0.0
59152.775115669676,1.674748067960253,0.0
59152.78206018433,0.8295796728081775,0.0
59152.78900469893,-0.5659163725293799,0.0
59152.79594921352,1.2335061662125018,0.0
59152.80289372811,0.604602465324743,0.0
59152.80983824265,1.0819290772507535,0.0
59152.81678275719,0.8123298330198536,0.0
59152.823727271665,0.3669862343588628,0.0
59152.83067178614,0.8507682656310329,0.0
59152.83761630056,1.3850363728716122,0.0
59152.84456081498,1.441428615954742,0.0
59152.8515053294,0.4135450610449114,0.0
59152.85844984376,-0.3122842286316243,0.0
59152.865394358065,2.417155742877685,0.0
59152.87233887237,0.9177476134016342,0.0
59152.87928338667,0.8069349071736096,0.0
59152.88622790092,-0.2099700914376843,0.0
59152.89317241516,0.7918436304783731,0.0
59152.90011692935,1.64020380088819,0.0
59152.90706144353,0.9863166060149147,0.0
59152.91400595772,0.9100223888931882,0.0
59152.92095047185,0.9438835572222484,0.0
59152.92789498592,0.05730646717755672,0.0
59152.93483949999,1.8311515575946609,0.0
59152.94178401406,2.002514138862477,0.0
59152.94872852808,0.49929605301435487,0.0
59152.95567304203,1.7399854104215713,0.0
59152.96261755604,1.3164548435203147,0.0
59152.969562069935,0.23243530371839016,0.0
59152.97650658389,1.281809502043222,0.0
59152.98345109778,0.906287076731271,0.0
59152.990395611625,1.4421592783117347,0.0
59152.99734012546,0.5229033340174762,0.0
59153.00428463924,-0.11553829236981361,0.0
59153.01122915302,-0.533299139964539,0.0
59153.0181736668,3.301198977235326,0.0
59153.02511818052,1.9229514696184422,0.0
59153.03206269424,0.48102915110602584,0.0
59153.0390072079,0.8791199395537901,0.0
59153.045951721564,1.2681219833183102,0.0
59153.052896235175,2.3593405377950707,0.0
59153.05984074878,-1.1056054225638094,0.0
59153.06678526232,1.1477893810512985,0.0
59153.07372977587,0.18718440173854178,0.0
59153.08067428936,-0.039176407346591446,0.0
59153.08761880285,-0.38857035671736817,0.0
59153.094563316336,1.1626289216852421,0.0
59153.101507829764,2.938348548746643,0.0
59153.10845234319,-1.120617763336889,0.0
59153.11539685657,0.6672511949405888,0.0
59153.12234136994,3.255539955519018,0.0
59153.12928588325,0.155128751170021,0.0
59153.136230396565,1.4587175119309788,0.0
59153.14317490982,0.345862874628029,0.0
59153.15011942308,-0.03222264233588934,0.0
59153.157063936276,-0.5274394306182222,0.0
59153.16400844947,1.0180102141705087,0.0
59153.17095296267,1.7940099486426209,0.0
59153.177897475805,0.17618607207514403,0.0
59153.18484198889,0.48181408136906034,0.0
59153.19178650197,1.9727794201586517,0.0
59153.19873101505,2.04477986752694,0.0
59153.20567552807,-0.3059264572014375,0.0
59153.2126200411,1.2081833478136637,0.0
59153.21956455406,0.5721374413769129,0.0
59153.226509067026,-2.2132276317633464,0.0
59153.23345357993,0.6988434890245538,0.0
59153.240398092836,-0.465775638104752,0.0
59153.24734260574,0.6839032055180607,0.0
59153.254287118594,0.7300913814007006,0.0
59153.26123163138,-0.014208921451405843,0.0
59153.26817614417,2.3910533312600384,0.0
59153.27512065697,0.6270831748795902,0.0
59153.2820651697,-0.34119277907077006,0.0
59153.28900968243,0.48224289900746165,0.0
59153.2959541951,0.9384801220401306,0.0
59153.30289870771,-0.18756243348241775,0.0
59153.309843220384,1.1716461270641383,0.0
59153.31678773295,1.1312976862234583,0.0
59153.32373224556,0.9340585554676326,0.0
59153.330676758116,1.331561301083962,0.0
59153.33762127061,2.194997972193797,0.0
59153.34456578312,1.9466331009585884,0.0
59153.351510295615,0.811974523016314,0.0
59153.358454808054,-0.390717515260139,0.0
59153.365399320435,1.7671903699841023,0.0
59153.372343832816,0.19649855167198127,0.0
59153.3792883452,1.130604072237663,0.0
59153.38623285753,0.6918898682595604,0.0
59153.39317736985,0.7872335811032634,0.0
59153.400121882114,-0.034921928968565386,0.0
59153.40706639438,1.264284451209329,0.0
59153.41401090659,1.506610135454293,0.0
59153.4209554188,0.08160323299088335,0.0
59153.427899930946,1.1476068641925146,0.0
59153.434844443094,1.6455512923217217,0.0
59153.44178895524,1.22892148884769,0.0
59153.44873346734,4.714656465635663,0.0
59153.45567797937,3.3127455900221423,0.0
59153.4626224914,0.28163702299076654,0.0
59153.469567003434,2.0014855696657703,0.0
59153.476511515415,0.59827701730753,0.0
59153.48345602733,-0.09833437059928274,0.0
59153.490400539304,0.5896799310516361,0.0
59153.49734505116,1.3588643533599567,0.0
59153.504289563076,-0.3267379769449277,0.0
59153.51123407488,1.2042714981232803,0.0
59153.51817858674,-0.3608235165197611,0.0
59153.52512309848,0.5604467343406929,0.0
59153.53206761028,-0.5803458137250797,0.0
59153.53901212202,1.4222814555246663,0.0
59153.54595663371,1.3464993888758543,0.0
59153.55290114539,2.2312595143525016,0.0
59153.55984565707,1.7080922708036281,0.0
59153.5667901687,-0.1551210397306062,0.0
59153.57373468026,1.3037407008384365,0.0
59153.58067919184,1.520100727587323,0.0
59153.5876237034,0.4885640558487925,0.0
59153.59456821491,-0.5145483759416827,0.0
59153.60151272642,0.30981455109684575,0.0
59153.608457237875,0.22152538649260833,0.0
59153.615401749325,1.4481378610773046,0.0
59153.622346260716,1.2429310002250178,0.0
59153.62929077211,0.04655152286026576,0.0
59153.63623528344,0.28396359391435455,0.0
59153.64317979478,1.4583917232040422,0.0
59153.650124306056,0.28009892503767686,0.0
59153.65706881733,0.32950454376589144,0.0
59153.66401332855,-0.45460128547334255,0.0
59153.67095783977,1.2864439699942802,0.0
59153.67790235099,1.7798625242671768,0.0
59153.68484686215,1.9318791279856753,0.0
59153.691791373305,0.25952795744294166,0.0
59153.698735884405,1.4931083218035912,0.0
59153.70568039545,4.2413858084472755,0.0
59153.7126249065,3.375142957728698,0.0
59153.71956941754,1.5784392930113746,0.0
59153.726513940805,0.9288518344477139,0.0
59153.73345845179,0.9113202236233207,0.0
59153.74040296272,1.4604718018317504,0.0
59153.74734747365,-0.2054141238172824,0.0
59153.754291984515,-0.5479781413259053,0.0
59153.76123649538,1.7178414934818003,0.0
59153.7681810062,1.7571481740953678,0.0
59153.77512551701,0.12678512774638984,0.0
59153.78207002776,0.6694576200344353,0.0
59153.78901453851,-1.080616187876776,0.0
59153.79595904926,2.6842885092608535,0.0
59153.80290355996,-0.12267619179666145,0.0
59153.809848070596,1.827853412093813,0.0
59153.81679258123,1.6450549834331372,0.0
59153.823737091865,0.7121048831814552,0.0
59153.83068160244,1.854341649207368,0.0
59153.83762611297,0.4551485148369663,0.0
59153.84457062354,-0.38498033233238127,0.0
59153.851515134,0.09429032376256652,0.0
59153.85845964446,1.3409498723399311,0.0
59153.86540415493,1.0458965843617016,0.0
59153.87234866533,-0.04355388960907591,0.0
59153.879293175734,0.47500344302282205,0.0
59153.88623768608,-0.04021272308488877,0.0
59153.89318219642,-0.3525905558863678,0.0
59153.90012670671,0.21209273990407507,0.0
59153.907071217,2.5958075492595336,0.0
59153.91401572723,1.2164800548579024,0.0
59153.920960237454,0.7469819338080175,0.0
59153.92790474769,0.3330384127810242,0.0
59153.9348492578,-0.04988606477784874,0.0
59153.94179376797,0.3640693991929651,0.0
59153.94873827808,1.6571523371693822,0.0
59153.95568278813,1.4182091142940152,0.0
59153.962627298184,1.3548493627088427,0.0
59153.969571808244,1.324355265632077,0.0
59153.97651631824,1.022222393222326,0.0
59153.983460828174,1.9028376245430967,0.0
59153.99040533811,1.495743376228143,0.0
59153.997349848054,-0.8644898030174604,0.0
59154.00429435793,1.5857871804394303,0.0
59154.01123886781,1.4306735056283766,0.0
59154.01818337763,1.1961863167047087,0.0
59154.02512788739,0.29097321634392426,0.0
59154.03207239716,2.281217934870692,0.0
59154.03901690692,1.0436868782781001,0.0
59154.045961416625,1.2201710522847966,0.0
59154.05290592633,0.3482857219588382,0.0
59154.05985043597,0.9225222417140144,0.0
59154.066794945626,1.0164410778370554,0.0
59154.07373945521,1.6711160955549773,0.0
59154.0806839648,-0.22224594345634907,0.0
59154.08762847433,1.2559722367161363,0.0
59154.094572983864,-1.3115834715311543,0.0
59154.10151749339,0.45910560672126755,0.0
59154.108462002805,0.4155409200365323,0.0
59154.115406512276,1.7198980556480241,0.0
59154.12235102169,1.2010965944153877,0.0
59154.12929553105,1.8882686909429318,0.0
59154.1362400404,0.5087049371166374,0.0
59154.1431845497,1.2541119861154604,0.0
59154.150129058995,1.7133346248890122,0.0
59154.15707356829,0.40870821092813525,0.0
59154.164018077536,1.3612305018720248,0.0
59154.170962586715,1.8003296247847747,0.0
59154.177907095895,2.3289530386256776,0.0
59154.18485160508,1.532872844439514,0.0
59154.1917961142,0.29075854579913196,0.0
59154.198740623266,0.422039736995822,0.0
59154.20568513233,0.7463606869199824,0.0
59154.21262964139,0.8735477371730425,0.0
59154.2195741504,0.6291887886076748,0.0
59154.22651865941,0.9237496711053517,0.0
59154.233463168355,-0.04659910429460101,0.0
59154.240407677244,1.0294475970788861,0.0
59154.24735218619,-0.40822471750395906,0.0
59154.25429669503,-0.3663437963537386,0.0
59154.26124120386,2.6656461135909906,0.0
59154.26818571269,0.9593106040060162,0.0
59154.27513022146,0.9371085620831381,0.0
59154.28207473023,1.1509252237254692,0.0
59154.28901923895,0.7135591364739469,0.0
59154.29596374767,1.309246596712934,0.0
59154.30290825632,2.4321254806068033,0.0
59154.30985276498,1.3560798321325875,0.0
59154.31679727358,-0.35282885825328947,0.0
59154.32374178218,1.4905941061655406,0.0
59154.33068629072,2.6041734058797528,0.0
59154.33763079926,1.4854767213943787,0.0
59154.34457530774,-0.3826248417359972,0.0
59154.35151981623,0.22556155495284935,0.0
59154.35846432465,2.2040576637582077,0.0
59154.36540883307,-0.3152644545954639,0.0
59154.37235334144,1.1626618883164568,0.0
59154.3792978498,1.178817760570686,0.0
59154.386242358174,-0.03364932876101756,0.0
59154.39318686642,2.5814615638208562,0.0
59154.40013137473,0.2829318671243195,0.0
59154.40707588298,-0.27786087712295116,0.0
59154.41402039117,0.09213685934717564,0.0
59154.420964899364,1.1929937163944184,0.0
59154.427909407495,1.3747452807221938,0.0
59154.43485391563,0.7239759080688519,0.0
59154.44179842376,1.642950435233999,0.0
59154.44874293184,1.7187030667978953,0.0
59154.455687439855,-0.7155110356620908,0.0
59154.46263194787,2.065864136320554,0.0
59154.46957645583,0.11046530212448102,0.0
59154.47652096379,3.4007574005307983,0.0
59154.48346547175,2.4632988147260644,0.0
59154.49040997965,-0.14518281194835136,0.0
59154.49735448749,1.0413721705724286,0.0
59154.504298995336,1.1883461148406504,0.0
59154.51124350318,0.5073327731740069,0.0
59154.51818801096,0.7639104762672275,0.0
59154.525132518684,0.11075699303766307,0.0
59154.53207702641,0.09203521405359805,0.0
59154.53902153413,0.4114842954400091,0.0
59154.545966041806,0.7660274013744393,0.0
59154.55291054941,1.0555526620127949,0.0
59154.55985505702,2.1993694431319875,0.0
59154.566799564636,0.7692981157259227,0.0
59154.573744072186,-1.0023062512115506,0.0
59154.58068857968,2.2519464851287556,0.0
59154.58763308717,3.1554229359493524,0.0
59154.59457759466,2.138627003212272,0.0
59154.60152210209,0.5709929864315542,0.0
59154.608466609476,0.886223822664792,0.0
59154.61541111685,2.1604311775988596,0.0
59154.622355624226,1.0929220972771994,0.0
59154.62930013154,2.3074396662464984,0.0
59154.63624463881,2.718870500788328,0.0
59154.64318914607,1.397391687514602,0.0
59154.650133653326,-0.4332002831173116,0.0
59154.657078160526,2.429949481869225,0.0
59154.66402266773,1.4416334700824622,0.0
59154.670967174876,0.6042022999048178,0.0
59154.67791168196,-0.35645303882703994,0.0
59154.684856189044,0.8607691430164839,0.0
59154.69180069613,0.1189635671804874,0.0
59154.69874520315,1.255838187774689,0.0
59154.70568971013,0.5413515667424171,0.0
59154.712634217154,1.7798561819053886,0.0
59154.71957872406,-0.37190882879725473,0.0
59154.72652323097,-0.9328334650637058,0.0
59154.73346773789,1.4328629737303977,0.0
59154.74041224474,0.4107923418274062,0.0
59154.74735675153,0.007906432955492093,0.0
59154.75430125833,2.4188358028139727,0.0
59154.76124576512,1.3667956149423302,0.0
59154.76819027186,0.3091798784340951,0.0
59154.775134778596,0.9669912894200081,0.0
59154.78207928527,-0.7669032033741767,0.0
59154.78902379189,2.109504823033046,0.0
59154.79596829852,-0.10803866799091422,0.0
59154.802912805135,1.4212522045503593,0.0
59154.809857311695,-1.485911943903135,0.0
59154.816801818255,1.037429930881609,0.0
59154.82374632476,-0.23665703879468758,0.0
59154.83069083121,-0.5135602814054745,0.0
59154.83763533765,1.003819822512194,0.0
59154.844579844095,1.7334886045736475,0.0
59154.85152435048,1.3775446588542986,0.0
59154.85846885687,1.0033167502727385,0.0
59154.8654133632,-0.18954680804296187,0.0
59154.87235786947,0.49184243871491873,0.0
59154.87930237574,0.857861470394981,0.0
59154.88624688201,0.7852648135169304,0.0
59154.893191388226,1.465863728496287,0.0
59154.90013589444,1.734299120847448,0.0
59154.90708040059,1.487143029150114,0.0
59154.914024906684,-0.27704406494653977,0.0
59154.92096941278,0.9682659477002082,0.0
59154.92791391888,0.43079516419959996,0.0
59154.93485842492,1.2927938520733875,0.0
59154.941802930894,1.5375515347502744,0.0
59154.94874743694,1.6346567086945427,0.0
59154.95569194286,1.5670890557370063,0.0
59154.96263644878,0.24273924035768246,0.0
59154.9695809547,1.7542106785821643,0.0
59154.97652546056,1.2179562224028304,0.0
59154.98346996636,0.7471023624772628,0.0
59154.99041447217,0.7846792592957543,0.0
59154.99735897798,1.0157888804202302,0.0
59155.00430348372,1.4770431993614799,0.0
59155.01124798947,1.6236186918815285,0.0
59155.01819249516,-0.44246771406736585,0.0
59155.02513700079,2.6611246490321463,0.0
59155.03208150642,0.6130754096802438,0.0
59155.03902601205,0.39273566016226447,0.0
59155.04597051762,0.4735939569481755,0.0
59155.05291502314,1.518769544729973,0.0
59155.05985952865,0.311111128803633,0.0
59155.06680403416,1.8958797945432662,0.0
59155.07374853962,1.2390859736217674,0.0
59155.08069304502,1.5649197603946012,0.0
59155.087637550474,2.261674640231043,0.0
59155.09458205581,1.1960596122913274,0.0
59155.10152656115,1.8488130819454733,0.0
59155.10847106649,0.3613437314449466,0.0
59155.115415571774,0.10478260143965779,0.0
59155.122360076995,2.252851487278072,0.0
59155.12930458222,1.546274558116425,0.0
59155.13624908744,0.047890729089757667,0.0
59155.14319359261,-0.7511593409062214,0.0
59155.15013809771,-0.0973168473171997,0.0
59155.15708260282,1.4338051203307445,0.0
59155.16402710792,2.1322372444476914,0.0
59155.17097161297,0.740908174088132,0.0
59155.177916117966,2.486460877325028,0.0
59155.184860622954,0.4094809304702616,0.0
59155.19180512794,1.3877543739447473,0.0
59155.19874963287,0.3060514278641606,0.0
59155.20569413781,0.2264430673548321,0.0
59155.21263864268,0.1358137997765443,0.0
59155.2195831475,0.4967793230999362,0.0
59155.22652765231,1.5778585586286646,0.0
59155.233472157124,0.2222042376651583,0.0
59155.24041666189,2.0491660447640228,0.0
59155.247361166585,1.6465372796040385,0.0
59155.25430567128,1.3308144680414693,0.0
59155.26125017598,-0.8816016776880287,0.0
59155.268194680626,-0.01212329175901461,0.0
59155.27513918521,2.349034985242048,0.0
59155.28208368979,1.712540375575724,0.0
59155.28902819437,3.7188709247165206,0.0
59155.29597269889,-2.00541265516951,0.0
59155.30291720342,0.2564547433463491,0.0
59155.30986170789,1.2346243198126183,0.0
59155.31680621229,-0.7991395303296609,0.0
59155.3237507167,1.3875157388000758,0.0
59155.33069522111,0.6582015064044944,0.0
59155.33763972546,1.1285136048888735,0.0
59155.34458422981,-0.20721757392235274,0.0
59155.3515287341,1.1099538862823604,0.0
59155.35847323833,0.2675907345442452,0.0
59155.36541774257,0.5417892325893758,0.0
59155.3723622468,0.08364547411681222,0.0
59155.379306750976,0.5436276753521136,0.0
59155.38625125515,1.5133249928364716,0.0
59155.39319575927,2.3035005376701756,0.0
59155.40014026339,-0.5509053128679104,0.0
59155.407084767445,1.6870760223602295,0.0
59155.414029271444,0.8901227125184246,0.0
59155.4209737755,1.853279250208737,0.0
59155.42791827945,-0.004889187873517997,0.0
59155.43486278339,0.8274258783222574,0.0
59155.44180728733,2.2320260900775617,0.0
59155.44875179121,1.0687690856595786,0.0
59155.4556962951,0.5855725711052937,0.0
59155.46264079893,0.3992538822955449,0.0
59155.46958530275,1.2407640603403038,0.0
59155.47652980652,0.01343873478937141,0.0
59155.483474310284,0.29390201843871644,0.0
59155.490418814,0.6770763962936144,0.0
59155.49736331771,0.4855734010814192,0.0
59155.50430782136,-0.4028713548761065,0.0
59155.511252325006,0.6182423104292649,0.0
59155.51819682866,0.2610874148254734,0.0
59155.5251413322,0.8944318445279613,0.0
59155.53208583579,0.8598928477801024,0.0
59155.53903033932,0.0693137720309025,0.0
59155.5459748428,0.3220138620836792,0.0
59155.55291934628,1.1022297261521103,0.0
59155.559863849754,2.5564457742927864,0.0
59155.56680835317,-0.6013807468743018,0.0
59155.57375285653,-0.4728865844396992,0.0
59155.580697359896,-0.6041543152232016,0.0
59155.587641863254,-0.10219704054452095,0.0
59155.594586366555,1.3012982727652798,0.0
59155.6015308698,0.7631625904341739,0.0
59155.60847537304,0.42575314505986483,0.0
59155.61541987629,-1.7223094813892956,0.0
59155.62236437947,-1.5086501206922556,0.0
59155.62930888266,-1.0758184304503153,0.0
59155.63625338578,-0.4724206199487959,0.0
59155.643197888916,-0.8230163842540428,0.0
59155.65014239198,1.6296418639806767,0.0
59155.65708689505,2.3061549094512372,0.0
59155.66403139806,-0.35307213718543196,0.0
59155.67097590107,0.3311699323729691,0.0
59155.67792040409,3.5168369530823362,0.0
59155.68486490704,0.41361713315274784,0.0
59155.69180940993,-0.10642300616305889,0.0
59155.698753912824,0.24743911164923205,0.0
59155.705698415724,1.2316902546319604,0.0
59155.71264291856,1.3456647571262828,0.0
59155.719587421394,-1.0244269120087282,0.0
59155.72653192417,-0.33898872687247916,0.0
59155.73347642689,1.5017560373366479,0.0
59155.74042092967,-0.5600627490114114,0.0
59155.74736543239,-0.5304574356571727,0.0
59155.75430993505,0.16083276945067482,0.0
59155.76125443772,1.1856044198211322,0.0
59155.76819894032,0.6533556114895518,0.0
59155.77514344292,0.7232046156752503,0.0
59155.782087945525,-0.14141211638599316,0.0
59155.78903244807,1.2462630762501519,0.0
59155.79597695061,-0.215303494718718,0.0
59155.802921453105,0.5740383713099959,0.0
59155.80986595559,-1.3262677649588568,0.0
59155.81681045802,1.3535439565009995,0.0
59155.823754960446,1.2426220358396307,0.0
59155.83069946288,1.4239004307580174,0.0
59155.83764396525,-0.6662489937013518,0.0
59155.84458846756,0.7078534138974888,0.0
59155.85153296993,1.166140066034913,0.0
59155.85847747218,2.426605779192876,0.0
59155.8654219745,-1.508508171590755,0.0
59155.87236647675,0.9637067094896068,0.0
59155.87931097895,1.2596235739229726,0.0
59155.88625548114,1.2248726928900808,0.0
59155.893199983344,1.215101617439771,0.0
59155.90014448548,0.8231321556929672,0.0
59155.90708898762,1.4988121869939164,0.0
59155.914033489695,-0.2645053857951609,0.0
59155.92097799178,0.12039421919495652,0.0
59155.92792249386,1.1190027423171642,0.0
59155.93486699588,0.43594879082625937,0.0
59155.94181149784,0.23426132160168578,0.0
59155.94875599986,0.027623294664302023,0.0
59155.95570050183,1.7817691606543349,0.0
59155.96264500373,0.23571810144563443,0.0
59155.969589505636,0.5889788430291247,0.0
59155.97653400754,0.24571153491905307,0.0
59155.98347850944,-0.05451837766101164,0.0
59155.99042301124,1.2088917355119406,0.0
59155.99736751308,-1.6734132661444505,0.0
59156.00431201487,-0.07959203296577755,0.0
59156.011256516664,0.5809194262901514,0.0
59156.01820101839,2.0201310791147478,0.0
59156.02514552012,-0.05177134448227605,0.0
59156.03209002185,-0.45034378362875316,0.0
59156.03903452352,0.9050220421825088,0.0
59156.0459790252,0.6394418482343127,0.0
59156.05292352687,-0.769442051086699,0.0
59156.05986802848,0.3031635670121773,0.0
59156.066812530094,-1.5790525017462045,0.0
59156.073757031656,0.33081141290558946,0.0
59156.08070153321,1.5768942078004216,0.0
59156.087646034764,3.4461345005240105,0.0
59156.09459053632,0.0789442557083504,0.0
59156.101535037815,0.29532128983976236,0.0
59156.10847953926,0.07834323110192543,0.0
59156.115424040756,0.41169466746819694,0.0
59156.122368542194,-1.004200762824908,0.0
59156.12931304363,-2.179440074823148,0.0
59156.13625754502,0.7095865694661256,0.0
59156.1432020464,-0.532213490751289,0.0
59156.15014654778,0.2948836250086089,0.0
59156.1570910491,-1.3447853606139546,0.0
59156.16403555042,-0.7374587051585166,0.0
59156.17098005175,-0.901640809425146,0.0
59156.17792455307,0.7759364095081196,0.0
59156.184869054334,-0.808886189981564,0.0
59156.1918135556,1.8600806265473437,0.0
59156.19875805687,1.2129308272606778,0.0
59156.20570255807,0.3115430376372075,0.0
59156.21264705928,0.022144912717536158,0.0
59156.21959156048,1.428181701027981,0.0
59156.22653606163,0.08503933589857127,0.0
59156.23348056284,-0.4016178651693849,0.0
59156.24042506399,-0.6222186074493266,0.0
59156.24736956508,0.25655717044722337,0.0
59156.254314066224,0.27179742304845433,0.0
59156.26125856732,-0.8974397851332299,0.0
59156.26820306841,0.4340920411643907,0.0
59156.2751475695,1.4804581934428853,0.0
59156.28209207053,-0.9462378304983332,0.0
59156.289036571616,0.22819218803425656,0.0
59156.29598107265,0.19906055283200885,0.0
59156.302925573684,1.0294927189020768,0.0
59156.309870074656,1.1820971520016883,0.0
59156.316814575686,1.2072918175576035,0.0
59156.323759076666,0.09306164862675814,0.0
59156.33070357764,-0.6985246183224092,0.0
59156.33764807861,-0.015860145867662823,0.0
59156.34459257958,-0.03274813723467673,0.0
59156.3515370805,0.259481270147603,0.0
59156.358481581476,-0.4514957309282863,0.0
59156.36542608239,-1.680970865466378,0.0
59156.3723705833,-0.7166926708117103,0.0
59156.37931508422,2.6011354799481126,0.0
59156.38625958514,1.2697988248143872,0.0
59156.393204085995,1.2946583932221074,0.0
59156.40014858691,-2.7056538007659583,0.0
59156.407093087764,-0.8188418736523602,0.0
59156.414037588685,-3.013603957401074,0.0
59156.42098208954,-2.7272382247986116,0.0
59156.4279265904,0.33885765114371225,0.0
59156.43487109125,-1.7798523866350138,0.0
59156.441815592116,1.0621595581062877,0.0
59156.44876009297,-1.4989054970305347,0.0
59156.45570459383,-1.8539679251147163,0.0
59156.46264909468,-1.1318146283196597,0.0
59156.46959359548,1.5196328886430308,0.0
59156.47653809634,1.181778641575221,0.0
59156.4834825972,-0.9304903198686247,0.0
59156.490427098,-0.9550998258949335,0.0
59156.49737159885,-1.1612537653217316,0.0
59156.504316099716,-0.2610550913557006,0.0
59156.51126060057,-1.9754132179080557,0.0
59156.51820510137,0.4968740119027757,0.0
59156.525149602225,-1.3601213475516545,0.0
59156.53209410308,-1.2995179745859673,0.0
59156.53903860394,-2.182503456488405,0.0
59156.5459831048,-1.5103779936275146,0.0
59156.552927605655,-0.2792267877039194,0.0
59156.55987210651,0.30352867573731146,0.0
59156.56681660743,-2.6234868042419066,0.0
59156.57376110829,-0.398213234393495,0.0
59156.5807056092,-0.10698103881821908,0.0
59156.587650110116,-0.290491151900369,0.0
59156.59459461097,-2.2441462835972175,0.0
59156.60153911189,1.1227939520757673,0.0
59156.608483612865,-1.683512660484837,0.0
59156.61542811378,-2.8791782080778034,0.0
59156.62237261475,0.48030287372165503,0.0
59156.62931711573,0.2945008774055964,0.0
59156.6362616167,-0.13398604809117387,0.0
59156.643206117675,-1.9955013631347356,0.0
59156.650150618705,-3.5639582976619977,0.0
59156.65709511974,-1.2578681114244432,0.0
59156.66403962077,1.542961287677599,0.0
59156.6709841218,-1.3632278499149493,0.0
59156.67792862289,-0.5606662540424168,0.0
59156.684873124046,1.9735110970590313,0.0
59156.691817625135,-3.2341154205460043,0.0
59156.69876212628,-0.9102297084791076,0.0
59156.70570662743,-0.12211460873669466,0.0
59156.71265112863,0.9112756666386304,0.0
59156.71959562984,-2.2941559505087525,0.0
59156.72654013111,-3.2833548773393204,0.0
59156.73348463237,-1.9648353088542194,0.0
59156.74042913369,0.27253058022114374,0.0
59156.747373635015,-1.145111187428597,0.0
59156.7543181364,0.05566889259421259,0.0
59156.76126263778,-4.147838177777544,0.0
59156.76820713922,1.913317452636818,0.0
59156.77515164066,-1.0021412244136627,0.0
59156.78209614216,-3.173562567494514,0.0
59156.789040643715,0.19087276975295708,0.0
59156.79598514527,-2.4948741584950653,0.0
59156.80292964688,-4.520818915147743,0.0
59156.80987414856,1.3560941363338088,0.0
59156.81681865023,-0.45478868609035317,0.0
59156.82376315196,-1.569246148215825,0.0
59156.830707653746,0.5277484304384643,0.0
59156.83765215559,0.35650896263348386,0.0
59156.84459665744,-2.3235708268996973,0.0
59156.851541159405,-0.5811227382302491,0.0
59156.85848566137,1.243041622390308,0.0
59156.86543016339,-2.530156499914881,0.0
59156.87237466547,1.632286460795342,0.0
59156.87931916761,-0.6796027287112452,0.0
59156.8862636698,-3.2256747089274995,0.0
59156.893208172056,-0.4768177125741886,0.0
59156.90015267437,1.5225642982246654,0.0
59156.90709717674,-0.4044835583379154,0.0
59156.91404167917,0.00984393205521883,0.0
59156.920986181656,-0.0825295661538803,0.0
59156.927930684265,0.11388254343387416,0.0
59156.934875186926,-0.9125804903184189,0.0
59158.36544651332,0.8426030893609735,0.0
59158.372391050085,0.07880548439598734,0.0
59158.37933558679,-0.5752252599956684,0.0
59158.38628012349,0.19919032568330586,0.0
59158.407113733665,1.2940431340167486,0.0
59158.41405827037,0.6469038683855126,0.0
59158.42100280707,0.5095616247211219,0.0
59158.42794734378,1.5271123276214473,0.0
59158.434891880475,0.5490475635306415,0.0
59158.44183641718,-0.07576508734144771,0.0
59158.448780953826,2.0566071983163363,0.0
59158.45572549053,0.1405176032226383,0.0
59158.46267002718,0.5970933419785718,0.0
59158.46961456382,-0.002386749502710339,0.0
59158.47655910047,1.2728562449646006,0.0
59158.48350363706,0.7576351241752715,0.0
59158.490448173645,-1.2848236471857406,0.0
59158.49739271023,1.9129791924496578,0.0
59158.50433724682,1.1374255996094507,0.0
59158.51128178334,0.7669968747874496,0.0
59158.51822631987,0.7248315008242312,0.0
59158.5251708564,0.8506348919715705,0.0
59158.532115392874,0.1106298291483152,0.0
59158.539059929346,0.23789005788910922,0.0
59158.54600446582,1.224926866640325,0.0
59158.55294900223,1.628133846090014,0.0
59158.559893538644,0.9228930540102414,0.0
59158.566838075,1.6043266325733239,0.0
59158.573782611355,0.4304102984921425,0.0
59158.58072714771,0.1324558532587563,0.0
59158.58767168401,1.0646188908155905,0.0
59158.5946162203,0.6117328965712339,0.0
59158.601560756535,1.2556798301898229,0.0
59158.608505292716,1.6746025373157696,0.0
59158.615449828896,0.8961616141908979,0.0
59158.62239436508,0.6055673425919195,0.0
59158.6293389012,0.2958011361788475,0.0
59158.63628343732,1.4718363698509669,0.0
59158.643227973385,0.6168433587919577,0.0
59158.65017250939,0.4616420270058119,0.0
59158.6571170454,1.0425191129620952,0.0
59158.6640615814,0.5197565024192408,0.0
59158.67100611735,1.0287853929856872,0.0
59158.67795065323,0.3704373546675197,0.0
59158.68489518913,-0.935317579301155,0.0
59158.691839724954,1.2502263546575338,0.0
59158.69878426073,0.041065195291274836,0.0
59158.7057287965,0.024506821506613763,0.0
59158.71267333227,0.3819513647943058,0.0
59158.71961786793,1.4435727679387278,0.0
59158.726562403586,0.002808163033564126,0.0
59158.73350693924,1.634208304525439,0.0
59158.74045147484,-0.015915852766327676,0.0
59158.74739601038,1.2818404677856712,0.0
59158.754340545864,1.7556924947027062,0.0
59158.761285081346,2.9399844180756283,0.0
59158.76822961682,1.3661014021503513,0.0
59158.775174152186,0.36694360058862774,0.0
59158.78211868755,-0.12845813824147978,0.0
59158.78906322286,-0.2559651246960828,0.0
59158.79600775817,1.5733914195404455,0.0
59158.80295229336,0.5100831587190269,0.0
59158.80989682861,0.8802913146595928,0.0
59158.81684136374,0.9814245392761314,0.0
59158.82378589887,-1.1242357988086196,0.0
59158.83073043395,-0.3983539901906765,0.0
59158.83767496896,1.014169339537166,0.0
59158.84461950398,-0.9662713643267891,0.0
59158.85156403894,-0.36183654022015177,0.0
59158.85850857383,1.1882914110932277,0.0
59158.86545310867,1.2076291533426857,0.0
59158.872397643514,-1.8566599301816542,0.0
59158.8793421783,0.9173283870235953,0.0
59158.88628671302,0.4366459410053205,0.0
59158.89323124775,1.108854500399991,0.0
59158.900175782415,2.1398128966225336,0.0
59158.907120317024,1.2909019523604623,0.0
59158.914064851575,1.6128467491480287,0.0
59158.921009386126,1.459170797682041,0.0
59158.92795392062,1.049064585070665,0.0
59158.934898455045,1.56842973850519,0.0
59158.94184298942,0.9098053626879115,0.0
59158.9487875238,0.8097307668035783,0.0
59158.95573205806,1.1548646981470962,0.0
59158.96267659232,0.39694796481105743,0.0
59158.96962112658,-0.13231366207527318,0.0
59158.97656566072,2.0055441105332052,0.0
59158.98351019486,1.5462321583420988,0.0
59158.99045472895,0.029322504490598256,0.0
59158.997399262975,1.5680095934254072,0.0
59159.004343797,1.347192991188097,0.0
59159.01128833091,0.07366954405991377,0.0
59159.01823286482,-0.10384685077821554,0.0
59159.02517739867,1.075634114946698,0.0
59159.03212193246,1.1602601194071767,0.0
59159.039066466255,0.5657695118308781,0.0
59159.04601099999,0.9692467987093496,0.0
59159.05295553367,0.053952066089661965,0.0
59159.05990006729,0.7440707698943956,0.0
59159.06684460085,0.15973557729924703,0.0
59159.07378913441,0.5768184883962257,0.0
59159.08073366791,0.031408350768800775,0.0
59159.08767820136,1.4776628264577856,0.0
59159.094622734745,0.9002864149915126,0.0
59159.10156726807,0.7287462852487525,0.0
59159.108511801394,-0.767195491796363,0.0
59159.115456334664,1.2005773442549594,0.0
59159.12240086788,1.7584343055236324,0.0
59159.12934540103,1.8808710336340204,0.0
59159.136289934184,0.4144806904287568,0.0
59159.14323446722,-0.3919948691827553,0.0
59159.15017900026,0.8862316900442768,0.0
59159.15712353324,1.0551745981469636,0.0
59159.16406806616,1.068280612732575,0.0
59159.17101259908,1.7676677235912541,0.0
59159.17795713194,1.0837607240111995,0.0
59159.18490166469,0.24308248482350536,0.0
59159.191846197435,1.9500897780814557,0.0
59159.19879073018,-0.2850641974740793,0.0
59159.2057352628,0.6193332566253011,0.0
59159.21267979543,1.8320896037516357,0.0
59159.219624328005,1.6307527423265717,0.0
59159.22656886052,0.5748645665742032,0.0
59159.233513392974,0.7742966306040757,0.0
59159.24045792537,0.12280189468255753,0.0
59159.24740245777,1.7462171946712122,0.0
59159.25434699011,0.7748918567119296,0.0
59159.26129152239,0.6131345297586752,0.0
59159.26823605461,0.6411186404214582,0.0
59159.27518058683,1.2239025978397557,0.0
59159.28212511893,0.831492532901976,0.0
59159.28906965104,1.3737736441600576,0.0
59159.296014183084,0.31877037893913673,0.0
59159.302958715074,0.8321829643044312,0.0
59159.30990324706,0.7032138830780954,0.0
59159.31684777894,0.4692119355983122,0.0
59159.32379231081,-0.05421869806419077,0.0
59159.330736842625,0.6645854676673686,0.0
59159.33768137438,2.1866262128096228,0.0
59159.34462590614,1.1328046437191868,0.0
59159.35157043784,1.631038519799728,0.0
59159.35851496942,0.3604453810210141,0.0
59159.365459501,0.4810553782243019,0.0
59159.372404032576,-0.3572491110130276,0.0
59159.37934856405,2.6473938219024182,0.0
59159.38629309551,0.20848507972383334,0.0
59159.39323762686,0.18909170846883327,0.0
59159.400182158206,1.2721885613528172,0.0
59159.407126689555,2.0006418315648116,0.0
59159.41407122079,-0.6705743553289295,0.0
59159.42101575202,0.14896636480665526,0.0
59159.42796028314,0.3460862571470007,0.0
59159.434904814254,1.7023313879984792,0.0
59159.44184934537,1.2574762912858581,0.0
59159.44879387637,0.9983349263735818,0.0
59159.45573840737,1.5384442244441268,0.0
59159.462682938305,0.039146402651047296,0.0
59159.46962746919,1.1330728709329607,0.0
59159.476572000014,0.43186349179883154,0.0
59159.48351653078,0.732743853239618,0.0
59159.49046106155,0.5775096587592816,0.0
59159.49740559226,0.5378856624324011,0.0
59159.50435012291,1.206721980778316,0.0
59159.5112946535,-1.2149273970821208,0.0
59159.51823918409,1.8670292351547895,0.0
59159.52518371457,1.2073459684484766,0.0
59159.532128245046,2.504502473640721,0.0
59159.539072775515,-1.2859013074909387,0.0
59159.54601730588,-0.08347838811574737,0.0
59159.552961836176,2.0238083168202077,0.0
59159.559906366485,-0.33081308406727494,0.0
59159.56685089672,0.6523374573689047,0.0
59159.573795426906,-0.34773135853856707,0.0
59159.58073995709,0.07334490948827332,0.0
59159.58768448722,0.26476492184700096,0.0
59159.59462901723,0.52877311609808,0.0
59159.60157354724,1.7883471292212616,0.0
59159.60851807725,0.8775990718818899,0.0
59159.615462607144,0.4381925567526812,0.0
59159.62240713704,1.0425752930747025,0.0
59159.629351666874,1.2909769224848149,0.0
59159.63629619665,1.843460341414925,0.0
59159.64324072642,0.14533081438087603,0.0
59159.65018525608,0.9663570768833933,0.0
59159.657129785744,0.7229044296760008,0.0
59159.66407431535,-0.133187638627854,0.0
59159.67101884489,0.5841455661525399,0.0
59159.67796337444,-1.2357739230999396,0.0
59159.684907903924,0.22172292166138408,0.0
59159.69185243335,1.1868727729622128,0.0
59159.69879696272,2.3432732005904926,0.0
59159.705741492035,0.4283122359970474,0.0
59159.71268602135,-0.5197280356074981,0.0
59159.7196305506,0.7922495977680675,0.0
59159.726575079796,1.1395264430538916,0.0
59159.733519608926,-1.076021893497554,0.0
59159.74046413806,2.629419552555847,0.0
59159.74740866714,1.0962426957019653,0.0
59159.754353196164,-1.1844620741651897,0.0
59159.76129772513,0.8721237441254358,0.0
59159.76824225409,0.5291352919284593,0.0
59159.775186782994,1.5246576120719735,0.0
59159.78213131184,1.989432442085528,0.0
59159.78907584063,0.879084763370924,0.0
59159.79602036936,0.7873268760217196,0.0
59159.80296489809,0.536350696037378,0.0
59159.80990942676,1.6845266744291545,0.0
59159.81685395537,0.5560985112397143,0.0
59159.82379848398,1.3189253980799975,0.0
59159.830743012535,0.3214652615539003,0.0
59159.83768754103,0.9359547202928538,0.0
59159.84463206947,1.1261997341236625,0.0
59159.85157659785,0.35252108882178146,0.0
59159.85852112623,0.595268826807768,0.0
59159.865465654555,0.39644591262238005,0.0
59159.87241018282,0.5430421519834497,0.0
59159.87935471108,0.48737976060168386,0.0
59159.88629923929,0.9129868377294587,0.0
59159.89324376738,2.3112194987942685,0.0
59159.90018829553,0.3255834433503324,0.0
59159.90713282356,0.4673849010488943,0.0
59159.91407735158,1.2175149151814744,0.0
59159.921021879556,1.1124882236936213,0.0
59159.92796640747,0.6541706993424858,0.0
59159.934910935386,1.9815997986917768,0.0
59159.94185546324,3.104064910636412,0.0
59159.94879999104,-0.12520040935306076,0.0
59159.95574451878,1.4806992335627913,0.0
59159.962689046464,-0.05812712114836027,0.0
59159.96963357415,1.4952289041946383,0.0
59159.97657810177,1.3705043281621068,0.0
59159.983522629394,0.360037874182353,0.0
59159.9904671569,1.6306816952172045,0.0
59159.99741168441,1.0273182473453193,0.0
59160.00435621185,0.07011974579311864,0.0
59160.0113007393,0.4325105831602509,0.0
59160.018245266634,0.5210023304371485,0.0
59160.02518979397,0.6759115192818418,0.0
59160.0321343213,2.184409559682141,0.0
59160.03907884852,-0.5991746298408231,0.0
59160.04602337573,0.4678699195431155,0.0
59160.05296790289,1.2648702055130376,0.0
59160.05991242999,0.7105880670416354,0.0
59160.06685695709,-0.770861840995436,0.0
59160.07380148413,0.16802721019140077,0.0
59160.08074601112,-0.4059033118367057,0.0
59160.08769053804,0.7027770278238775,0.0
59160.09463506496,1.1029819045287423,0.0
59160.10157959183,2.7709687939582555,0.0
59160.10852411864,0.1416039012580762,0.0
59160.11546864545,1.4872189426644804,0.0
59160.1224131722,1.3011273104773844,0.0
59160.12935769889,1.0559882308293693,0.0
59160.136302225525,-0.8516134105670198,0.0
59160.14324675216,2.560650556497972,0.0
59160.150191278735,-1.2410666964448067,0.0
59160.15713580525,2.137834422313994,0.0
59160.16408033177,0.99152638817945,0.0
59160.17102485823,0.35946873327859086,0.0
59160.17796938463,-0.1542221276486323,0.0
59160.18491391097,1.6673637148856844,0.0
59160.19185843732,1.525573360339453,0.0
59160.1988029636,2.122818071620838,0.0
59160.205747489825,0.8910426012342985,0.0
59160.21269201605,0.8242435853605086,0.0
59160.21963654222,1.067850270817137,0.0
59160.22658106833,-0.06496924591357323,0.0
59160.23352559438,-0.28249689355526075,0.0
59160.240470120436,0.2284766323596208,0.0
59160.24741464643,-0.8091629856834179,0.0
59160.254359172424,1.024646767085151,0.0
59160.2613036983,0.8585210829792033,0.0
59160.26824822418,1.241742342010041,0.0
59160.27519275006,0.190487264558016,0.0
59160.28213727582,2.1025375740678163,0.0
59160.28908180157,0.6202655181693787,0.0
59160.296026327276,1.8470312448404291,0.0
59160.30297085298,-0.029411131874794827,0.0
59160.309915378566,0.2518604582706985,0.0
59160.31685990421,-0.27723344304402997,0.0
59160.32380442974,0.7501835708423369,0.0
59160.33074895527,-0.39646681402353645,0.0
59160.33769348074,0.5964279125589622,0.0
59160.34463800615,0.35707392651960124,0.0
59160.35158253156,1.35104121210439,0.0
59160.35852705692,0.6141823739687877,0.0
59160.36547158221,1.2567971842881778,0.0
59160.37241610751,0.7133595057700597,0.0
59160.37936063274,-0.659815776861593,0.0
59160.38630515792,0.9939953208603253,0.0
59160.39324968304,1.651022668907114,0.0
59160.40019420816,0.2859546756946044,0.0
59160.40713873322,0.8475508087411269,0.0
59160.414083258285,1.9192005268727783,0.0
59160.42102778329,0.6803613759282257,0.0
59160.427972308236,1.1893147772919777,0.0
59160.434916833125,1.3164814241830893,0.0
59160.44186135801,1.6972016874499702,0.0
59160.44880588284,1.1922783269302073,0.0
59160.455750407615,-0.4053819675866013,0.0
59160.46269493239,1.3799664923326174,0.0
59160.46963945709,-0.047880886163656156,0.0
59160.476583981814,0.825932719335249,0.0
59160.483528506404,1.0950877682796916,0.0
59160.490473031,0.6868569770926677,0.0
59160.4974175556,1.5513947700174822,0.0
59160.50436208014,1.3991052759148683,0.0
59160.51130660462,0.2906250734016895,0.0
59160.51825112904,2.3885163799409725,0.0
59160.52519565346,0.8322253791991442,0.0
59160.53214017783,0.3720441346699206,0.0
59160.53908470213,-0.806328965354996,0.0
59160.54602922644,-0.2316767473502488,0.0
59160.55297375069,1.0926262443841763,0.0
59160.55991827488,1.1022249190449638,0.0
59160.56686279907,1.0198842077684345,0.0
59160.57380732319,0.0529978578869752,0.0
59160.580751847265,0.18735671178757007,0.0
59160.58769637134,0.008381605154828109,0.0
59160.59464089535,2.9957693317030305,0.0
59160.60158541931,0.9740584336808399,0.0
59160.60852994327,0.20912003526188128,0.0
59160.615474467166,0.12485803600937395,0.0
59160.622418991064,1.6727490494871697,0.0
59160.62936351485,1.591957858132175,0.0
59160.63630803863,0.42349260157162794,0.0
59160.64325256241,1.7517370118727567,0.0
59160.650197086135,0.4026997179127002,0.0
59160.6571416098,-0.1300343942575818,0.0
59160.6640861334,2.6641758831075357,0.0
59160.67103065701,0.45551635708642013,0.0
59160.67797518056,0.5378806288672554,0.0
59160.68491970411,0.6495395134008204,0.0
59160.6918642276,0.2231046741500471,0.0
59160.69880875103,-0.053082465222452524,0.0
59160.70575327441,1.3325951355443468,0.0
59160.71269779778,-0.5435808575942573,0.0
59160.71964232116,0.8034356860631524,0.0
59160.726586844416,0.28832604807201256,0.0
59160.733531367674,2.382970614275388,0.0
59160.74047589093,1.193192766819625,0.0
59160.747420414074,-1.1155071421097111,0.0
59160.75436493722,1.405594919507167,0.0
59160.76130946036,-0.09243547620802905,0.0
59160.76825398338,0.47232803812186996,0.0
59160.77519850646,2.507841876048652,0.0
59160.78214302943,-0.4823837889748597,0.0
59160.789087552395,1.4690715499904636,0.0
59160.796032075305,0.15497318092452295,0.0
59160.802976598214,0.06138804890939431,0.0
59160.809921121065,0.8437250405243044,0.0
59160.81686564386,1.386322045072165,0.0
59160.82381016659,1.681523327385393,0.0
59160.83075468933,0.5697215483786946,0.0
59160.83769921206,1.5209180555213493,0.0
59160.84464373474,0.285894292581514,0.0
59160.851588257356,1.0459857550988048,0.0
59160.858532779916,0.6210264578115441,0.0
59160.86547730247,0.2241734035923736,0.0
59160.87242182497,0.2585761245182001,0.0
59160.87936634747,-0.4324536081252851,0.0
59160.886310869915,0.17729521510275958,0.0
59160.8932553923,1.9696718521210923,0.0
59160.900199914686,1.3630779588423445,0.0
59160.90714443701,-0.039304833200459854,0.0
59160.91408895928,-0.7056239823133216,0.0
59160.92103348155,0.983965665669343,0.0
59160.92797800376,0.43782688489558985,0.0
59160.93492252597,1.0908620494023866,0.0
59160.941867048125,1.1607555787238475,0.0
59160.94881157022,0.10053080454136187,0.0
59160.955756092255,0.12766568602585326,0.0
59160.96270061434,0.9894929374957991,0.0
59160.96964513632,1.6448919426711588,0.0
59160.9765896583,-0.13434650363536416,0.0
59160.98353418022,2.5290532237681758,0.0
59160.99047870208,-0.280976418202569,0.0
59160.99742322394,2.714454153250618,0.0
59161.0043677458,0.9025394688626228,0.0
59161.01131226755,0.4321619888029482,0.0
59161.01825678929,0.8856479672860226,0.0
59161.02520131104,1.0766280620535715,0.0
59161.03214583272,2.1997088590673854,0.0
59161.03909035435,-0.7734511098363677,0.0
59161.04603487598,1.557822124186383,0.0
59161.052979397544,1.625603354907268,0.0
59161.059923919056,0.034718809941415074,0.0
59161.06686844057,-1.5693593664042353,0.0
59161.07381296202,0.6796479190506909,0.0
59161.08075748342,1.3427285726788636,0.0
59161.087702004814,1.1813454848349303,0.0
59161.09464652621,1.9056581774257004,0.0
59161.10159104749,1.2658464246310512,0.0
59161.10853556877,1.8074519751043088,0.0
59161.11548009005,1.7905910951556416,0.0
59161.12242461127,1.4196971249472625,0.0
59161.12936913243,0.6813701560703067,0.0
59161.13631366873,-0.011434796372761236,0.0
59161.14325818983,0.688471523177857,0.0
59161.15020271088,0.962925384806191,0.0
59161.15714723192,-0.75024278310395,0.0
59161.16409175291,0.448907533595573,0.0
59161.171036273896,0.8137901332272518,0.0
59161.177980794826,-0.002889943812902751,0.0
59161.1849253157,1.09524107204384,0.0
59161.19186983657,1.5430987949375745,0.0
59161.19881435738,1.600809335538194,0.0
59161.2057588782,-0.19511450950678955,0.0
59161.21270339895,-0.3870990084085677,0.0
59161.21964791965,1.6741899195892427,0.0
59161.22659244035,1.5990167538679612,0.0
59161.23353696099,1.2655147739021073,0.0
59161.240481481625,1.4432210381408617,0.0
59161.247426002206,1.4240317794971071,0.0
59161.25437052272,1.2453707059758674,0.0
59161.261315043244,0.2425197592759889,0.0
59161.26825956371,1.182987889989489,0.0
59161.27520408417,0.8265043122932039,0.0
59161.28214860458,2.4929580438279766,0.0
59161.28909312493,-0.11762757332850038,0.0
59161.296037645276,1.7702039464322374,0.0
59161.302982165565,0.7544951588486644,0.0
59161.309926685855,-0.14279358107376383,0.0
59161.31687120609,1.2629912294941659,0.0
59161.32381572626,-0.969479554857868,0.0
59161.330760246434,-0.20963876870737697,0.0
59161.33770476655,-0.2538306635369969,0.0
59161.344649286664,1.5891174704560596,0.0
59161.351593806714,-0.4442881025753483,0.0
59161.35853832671,1.1418649405308532,0.0
59161.36548284671,-0.42004525259416436,0.0
59161.37242736665,2.1516664104557037,0.0
59161.37937188659,1.0355538412669916,0.0
59161.386316406475,0.7574265171275133,0.0
59161.39326092636,-0.12719791630374894,0.0
59161.40020544618,0.6099091433167466,0.0
59161.40714996595,1.76140843511205,0.0
59161.41409448571,0.8745217437878181,0.0
59161.42103900542,-0.489898768854903,0.0
59161.42798352507,0.20481879501815436,0.0
59161.43492804472,1.1328620278136208,0.0
59161.44187256437,1.7820306072444272,0.0
59161.44881708396,0.04247603857683191,0.0
59161.45576160349,0.6690103258427427,0.0
59161.46270612302,2.2008178510873337,0.0
59161.469650642495,0.9773482582162901,0.0
59161.47659516191,1.0872482272936077,0.0
59161.48353968133,1.0128216067296543,0.0
59161.49048420069,-0.7908058430988296,0.0
59161.497428720046,1.384557221501906,0.0
59161.504373239346,1.6792902884441845,0.0
59161.511317758646,1.5540264740211511,0.0
59161.51826227789,-0.07112690250676967,0.0
59161.52520679707,1.1021287420691912,0.0
59161.532151316256,1.200923819014491,0.0
59161.53909583544,1.9061617570592824,0.0
59161.54604035451,-0.3368411355401549,0.0
59161.552984873575,0.5767671402820975,0.0
59161.559929392635,0.6109919944373114,0.0
59161.566873911645,1.4937636287467553,0.0
59161.573818430596,0.4543219014028781,0.0
59161.58076294955,0.797839205861817,0.0
59161.58770746844,0.6513853108641733,0.0
59161.59465198733,0.9702323037009295,0.0
59161.60159650617,1.5371409576439001,0.0
59161.608541025,1.4293551627369807,0.0
59161.61548554378,1.4948503040413645,0.0
59161.622430062496,0.43098720925865963,0.0
59161.629374581215,0.6323099845702896,0.0
59161.636319099875,0.4744566330006459,0.0
59161.643263618535,2.2725643103266604,0.0
59161.65020813713,0.5664018226889971,0.0
59161.65715265573,-0.046098935611765146,0.0
59161.664097174275,0.8508767816099285,0.0
59161.67104169276,0.42189265947922694,0.0
59161.677986211245,1.9679209979706873,0.0
59161.68493072967,0.7571153229436852,0.0
59161.6918752481,1.6620045490800306,0.0
59161.69881976647,-0.30653840359770246,0.0
59161.70576428478,2.0526414709871688,0.0
59161.71270880309,1.3044552201222732,0.0
59161.7196533214,-0.13644949057181888,0.0
59161.72659783965,0.8631994394985524,0.0
59161.73354235785,1.8473885897916356,0.0
59161.74048687604,1.93376613375692,0.0
59161.74743139418,1.012479378856681,0.0
59161.75437591231,0.06250961158559759,0.0
59161.761320430385,1.0805867505753581,0.0
59161.768264948405,1.387401088427592,0.0
59161.775209466425,-1.0214998523521843,0.0
59161.782153984386,0.965665837327022,0.0
59161.78909850235,0.47120565095836797,0.0
59161.79604302025,0.8599819449198903,0.0
59161.802987538154,1.3307491745593687,0.0
59161.809932056,0.042927946691381336,0.0
59161.816876573845,1.5529162877421534,0.0
59161.82382109163,2.8145856051065543,0.0
59161.83076560936,0.8011033156170757,0.0
59161.83771012709,1.832204404088463,0.0
59161.84465464482,0.2484365577203601,0.0
59161.85159916243,1.3028288533700807,0.0
59161.85854368009,1.648952278774767,0.0
59161.86548819765,0.6151004695972496,0.0
59161.8724327152,1.1972465881342211,0.0
59161.879377232755,0.745443875509264,0.0
59161.88632175025,0.9990774535762982,0.0
59161.89326626769,-0.08719340337880865,0.0
59161.90021078513,-0.6006454459084873,0.0
59161.907155302564,0.2768744838078899,0.0
59161.914099819885,0.06300331465816189,0.0
59161.921044337265,0.23931054578908895,0.0
59161.92798885453,0.029613726876463353,0.0
59161.93493337179,0.4217651813482143,0.0
59161.941877889054,0.37166175868714746,0.0
59161.94882240626,1.5920575053912276,0.0
59161.955766923405,0.8258310729454734,0.0
59161.962711440545,1.3492734426611148,0.0
59161.96965595769,0.6609829714118516,0.0
59161.97660047472,0.07105237154664623,0.0
59161.98354499181,1.2062241224820855,0.0
59161.99048950878,0.9646636211377968,0.0
59161.99743402581,0.1597000179057133,0.0
59162.004378542726,0.4076279816173901,0.0
59162.01132305964,0.566823312982243,0.0
59162.01826757655,1.6737299793464795,0.0
59162.02521209341,0.334925835071749,0.0
59162.03215661021,0.5765919804451831,0.0
59162.039101127004,1.202635849879862,0.0
59162.04604564374,0.48056146873691685,0.0
59162.05299016048,0.8543650981550068,0.0
59162.05993467716,1.5509969648666204,0.0
59162.06687919384,-0.5764695673777349,0.0
59162.07382371047,-0.635990257322746,0.0
59162.08076822708,0.2736447255209708,0.0
59162.08771274365,-0.3589546402111121,0.0
59162.09465726015,-1.3225600974002774,0.0
59162.10160177666,0.536112552151506,0.0
59162.108546293166,0.2347991622474963,0.0
59162.115490809614,0.3427462696750996,0.0
59162.122435326004,0.9853834950289854,0.0
59162.129379842394,1.0954638029039876,0.0
59162.136324358726,1.3400289788512278,0.0
59162.14326887506,1.2754841573677564,0.0
59162.15021339133,-0.5595989958566605,0.0
59162.157157907604,-0.7359241087605153,0.0
59162.16410242382,1.2540666991941354,0.0
59162.17104693997,0.5626531477644642,0.0
59162.177991456134,0.5355672588365545,0.0
59162.184935972284,0.05326936759834178,0.0
59162.19188048838,-0.07165201973660634,0.0
59162.19882500442,1.318411985748939,0.0
59162.205769520464,1.4685469107032256,0.0
59162.21271403645,0.5427165247693362,0.0
59162.21965855243,0.7346847534864375,0.0
59162.22660306841,0.1348569971404568,0.0
59162.23354758428,0.6332606154675555,0.0
59162.24049210014,-1.0205888917062838,0.0
59162.24743661601,2.1083218727112305,0.0
59162.25438113182,0.2867875771073467,0.0
59162.261325647625,1.2332464372074732,0.0
59162.268270163375,0.02544402138971269,0.0
59162.27521467906,0.04884622963394181,0.0
59162.28215919475,1.2756528838523393,0.0
59162.28910371044,1.4123991807087426,0.0
59162.296048226075,1.3620629259188342,0.0
59162.30299274165,1.279745902502098,0.0
59162.309937257225,-1.2377997745741673,0.0
59162.31688177274,0.344250120986459,0.0
59162.32382628826,1.6658126775279634,0.0
59162.33077080372,0.24019936223904115,0.0
59162.337715319176,0.8956683781491435,0.0
59162.344659834576,2.3559312256025304,0.0
59162.35160434998,0.2347282898236971,0.0
59162.35854886532,0.1084428640474806,0.0
59162.3654933806,0.9733792803095542,0.0
59162.37243789589,1.3162227984245667,0.0
59162.37938241116,1.0022243464852656,0.0
59162.3863269264,1.9474751732226672,0.0
59162.39327144156,1.6401183541337112,0.0
59162.400215956724,-0.024611019762782016,0.0
59162.40716047189,1.2209626968513718,0.0
59162.414104987,0.15982407749949984,0.0
59162.42104950205,2.9980867475035047,0.0
59162.4279940171,-0.4359562328697582,0.0
59162.4349385321,0.24023727478721746,0.0
59162.44188304709,1.2098313694246186,0.0
59162.448827562024,1.6055950901586442,0.0
59162.45577207696,1.119160669106388,0.0
59162.462716591835,-0.0015014339908845376,0.0
59162.46966110671,0.6309925743371156,0.0
59162.47660562153,-0.5805743500770455,0.0
59162.48355013634,-0.44261045115975955,0.0
59162.49049465111,0.7289417047018488,0.0
59162.4974391658,0.8156038582922728,0.0
59162.504383680505,1.4209956567687323,0.0
59162.51132819521,0.9254633279326302,0.0
59162.51827270985,1.733755762707873,0.0
59162.525217224436,2.2457665017366093,0.0
59162.53216173902,1.0019181570805018,0.0
59162.53910625361,1.6752324828376288,0.0
59162.546050768135,0.8551513016545013,0.0
59162.552995282604,1.3848522836618689,0.0
59162.55993979707,-0.007261053210839696,0.0
59162.56688431148,-0.6581944010273268,0.0
59162.573828825894,0.138601595271081,0.0
59162.580773340305,1.6489377139076364,0.0
59162.5877178546,0.8284755550996048,0.0
59162.59466236895,1.7555035337402534,0.0
59162.60160688318,1.6065423949699293,0.0
59162.608551397425,0.7175078682660141,0.0
59162.615495911654,0.2830995427518064,0.0
59162.62244042583,1.4729317383572358,0.0
59162.62938494001,1.0699172333319908,0.0
59162.63632945413,1.1434233331973755,0.0
59162.64327396825,-0.5161080467228316,0.0
59162.65021848231,0.8779339712585116,0.0
59162.657162996315,1.8453681165262403,0.0
59162.66410751032,1.015502390733597,0.0
59162.67105202432,1.579032018861862,0.0
59162.67799653827,0.7885211675359807,0.0
59162.68494105221,0.8789419523577102,0.0
59162.69188556609,-0.33967482932630344,0.0
59162.69883007993,1.656713961729893,0.0
59162.70577459375,1.272801535613556,0.0
59162.71271910753,-0.3284391531530886,0.0
59162.71966362129,1.3936393816882982,0.0
59162.72660813506,1.281666067730838,0.0
59162.73355264877,0.14289208407689358,0.0
59162.74049716243,1.3271431778049523,0.0
59162.74744167608,1.885772984260504,0.0
59162.75438618968,1.5557124716508235,0.0
59162.76133070327,-0.11335672406323849,0.0
59162.76827521681,1.6035186837326243,0.0
59162.77521973035,0.6975856449855035,0.0
59162.78216424389,-0.35401039366766063,0.0
59162.78910875731,0.23277033523773596,0.0
59162.79605327079,0.2943254334062081,0.0
59162.80299778415,0.10863793007946021,0.0
59162.80994229757,1.5091087074604772,0.0
59162.81688681088,-0.377138651462031,0.0
59162.82383132423,-0.6592965857787008,0.0
59162.83077583748,1.1104718057353224,0.0
59162.837720350784,1.38036346254148,0.0
59162.84466486397,0.7782395882374132,0.0
59162.85160937716,1.4009798544485013,0.0
59162.85855389035,0.08197913902893972,0.0
59162.86549840348,0.5775583940796487,0.0
59162.87244291661,0.2514807829221204,0.0
59162.87938742968,-1.33522050751626,0.0
59162.886331942755,1.2505451549654345,0.0
59162.89327645577,0.7453662618546624,0.0
59162.900220968724,0.1377658526211345,0.0
59162.90716548168,1.8593703096148433,0.0
59162.914109994636,-0.5461859299543446,0.0
59162.92105450753,0.32468732964534763,0.0
59162.92799902042,1.0509530543099497,0.0
59162.93494353326,0.7057126942822479,0.0
59162.94188804604,0.3013654750428115,0.0
59162.948832558825,2.5181491860990795,0.0
59162.955777071606,0.2062645428160274,0.0
59162.96272158433,-0.8882708887342836,0.0
59162.96966609699,2.0275568276102724,0.0
59162.97661060966,1.1193566931810057,0.0
59162.98355512232,2.3914315078558337,0.0
59162.99049963493,0.2285934330509506,0.0
59162.99744414748,-0.023100062407146515,0.0
59163.004388660025,1.249561927710574,0.0
59163.01133317257,0.8457861000112149,0.0
59163.01827768506,-0.5009551213400767,0.0
59163.025222197495,-0.38277382969288026,0.0
59163.03216670993,1.0445372740563537,0.0
59163.03911122236,0.9862515497027265,0.0
59163.046055734725,0.6580823903552404,0.0
59163.05300024704,1.052374194699176,0.0
59163.059944759356,0.027472127859459627,0.0
59163.06688927167,2.0071653883946485,0.0
59163.07383378393,-0.6058564906941539,0.0
59163.08077829613,2.1814181100773173,0.0
59163.087722808326,1.3687572734950755,0.0
59163.094667320525,-0.08892921606884152,0.0
59163.10161183261,1.8731886949879848,0.0
59163.10855634475,1.6454207217020043,0.0
59163.11550085683,1.1952603825866037,0.0
59163.122445368856,-0.9474748502072139,0.0
59163.12938988088,1.1939621067569013,0.0
59163.1363343929,-1.278241523747233,0.0
59163.14327890487,0.4691008111862487,0.0
59163.15022341677,0.9599247663379588,0.0
59163.15716792868,0.37563817469104177,0.0
59163.16411244053,1.144364033216764,0.0
59163.17105695238,1.0296150972929223,0.0
59163.17800146423,0.20445126459244256,0.0
59163.18494597602,1.1217340216032823,0.0
59163.19189048775,1.2122406679616426,0.0
59163.198834999486,1.1062804092755434,0.0
59163.20577951116,1.4917225102480494,0.0
59163.21272402284,0.6753399565520386,0.0
59163.21966853451,-0.03929948575665021,0.0
59163.22661304613,0.016145430788431336,0.0
59163.23355755769,0.06253320309404886,0.0
59163.240502069246,2.717324830742156,0.0
59163.247446580746,0.20938598912510875,0.0
59163.25439109225,0.11076552053678435,0.0
59163.26133560375,0.43825954434826914,0.0
59163.26828011518,1.074268984787371,0.0
59163.275224626566,0.13648295999569182,0.0
59163.28216913795,0.07866490968108308,0.0
59163.289113649276,0.022535725731486878,0.0
59163.2960581606,0.8849879967125285,0.0
59163.30300267193,1.0145379475829923,0.0
59163.309947183196,0.1707725993237989,0.0
59163.316891694405,1.2171633028107878,0.0
59163.323836205614,1.2497199819509826,0.0
59163.330780716824,-0.18904642060306598,0.0
59163.337725227975,-0.5027466182295302,0.0
59163.34466973907,0.23134068160566001,0.0
59163.35161425016,1.5626967004427201,0.0
59163.358558761196,1.0917986972084375,0.0
59163.36550327223,1.0032935229695767,0.0
59163.372447783266,0.5763492792017262,0.0
59163.37939229424,0.5553137911757897,0.0
59163.38633680515,1.458669624289909,0.0
59163.39328131607,1.59622686089525,0.0
59163.40022582699,1.015015225701062,0.0
59163.40717033785,0.4748355036131372,0.0
59163.41411484865,0.5425887681350036,0.0
59163.421059359454,0.8510612874868582,0.0
59163.428003870256,0.29749052544995847,0.0
59163.434948381,1.4411787841902168,0.0
59163.441892891686,1.0722385907485474,0.0
59163.44883740243,1.7114166766007473,0.0
59163.45578191306,0.6415874512233922,0.0
59163.462726423684,0.43674218716637625,0.0
59163.46967093431,0.4447876437250702,0.0
59163.47661544488,1.6683863694039565,0.0
59163.48355995539,2.513678263987884,0.0
59163.4905044659,1.7138265574612013,0.0
59163.49744897641,1.5036824809701066,0.0
59163.50439348686,0.6860680437159286,0.0
59163.51133799731,-0.36360448632329434,0.0
59163.518282507706,0.7429454509553277,0.0
59163.5252270181,0.7173366536033209,0.0
59163.53217152844,1.2399374786790234,0.0
59163.539116038715,2.0126212884195622,0.0
59163.54606054899,0.13064898870166192,0.0
59163.55300505927,0.8733055872482454,0.0
59163.55994956949,0.45372856970045244,0.0
59163.56689407971,0.7091122813704153,0.0
59163.57383858987,0.14296926462258175,0.0
59163.580783100035,2.1453530448096867,0.0
59163.58772761014,0.7788071795607441,0.0
59163.59467212024,0.8203582940502353,0.0
59163.60161663029,0.8383816641352433,0.0
59163.608561140325,-0.7166492995040141,0.0
59163.61550565032,0.4511789622239013,0.0
59163.6224501603,1.1374327196831184,0.0
59163.62939467023,1.8128496997265904,0.0
59163.63633918016,0.2971622319002225,0.0
59163.64328369003,0.5184768950889984,0.0
59163.6502281999,-0.49141767144452164,0.0
59163.65717270971,0.15457361050418078,0.0
59163.66411721952,1.8828863900553365,0.0
59163.67106172928,0.3365390814593078,0.0
59163.67800623903,1.438853358768244,0.0
59163.684950748786,1.6297464517405538,0.0
59163.69189525848,1.6376068767864989,0.0
59163.69883976812,0.620227330992542,0.0
59163.70578427776,0.05281850502640262,0.0
59163.71272878733,-0.7897481929283348,0.0
59163.71967329692,0.622293514515956,0.0
59163.72661780649,23.293687689943834,0.0
59163.73356231601,1.3650985593190375,0.0
59163.740506825474,1.1443710239986045,0.0
59163.74745133494,1.2463509494523468,0.0
59163.75439584434,1.925084266717224,0.0
59163.76134035375,0.5289961800091965,0.0
59163.76828486315,2.675036247287337,0.0
59163.7752293725,1.2116716620647976,0.0
59163.782173881846,0.5395950298410195,0.0
59163.789118391134,0.26487152485306614,0.0
59163.796062900365,1.180905050259726,0.0
59163.803007409595,1.5498655322873907,0.0
59163.809951918825,8.432312081051007,1.0
59163.816896428,37.372394358403696,1.0
59163.82384093717,14.595381875757836,1.0
59163.830785446284,12.216912925606499,1.0
59163.83772995534,2.296795873834587,0.0
59163.84467446445,1.6169756680259346,0.0
59163.85161897345,1.204750176473833,0.0
59163.8585634825,-0.26532805241639695,0.0
59163.86550799144,2.4104294636149026,0.0
59163.87245250038,0.7216380726386955,0.0
59163.87939700932,1.6681505080887225,0.0
59163.88634151826,-0.2147428195092954,0.0
59163.89328602708,0.3803159609763436,0.0
59163.90023053596,1.148378338708194,0.0
59163.907175056775,0.15107527401431675,0.0
59163.91411956554,0.7339197093411365,0.0
59163.921064074304,1.0560668160381588,0.0
59163.92800858301,1.4998298163952108,0.0
59163.93495309172,1.35573666594006,0.0
59163.94189760042,1.024716946028972,0.0
59163.94884210907,0.1752050808523749,0.0
59163.95578661766,1.8690434962796278,0.0
59163.96273112625,0.9370446786367046,0.0
59163.969675634784,0.10539934588447464,0.0
59163.97662014331,1.7113451540728946,0.0
59163.98356465184,-0.013872588713275291,0.0
59163.990509160314,0.6405612900258779,0.0
59163.99745366873,1.3420162466258105,0.0
59164.004398177145,-0.2168351234063842,0.0
59164.01134268556,0.9995593644622685,0.0
59164.01828719392,0.8797020762829315,0.0
59164.025231702275,1.7856925794163567,0.0
59164.032176210574,1.803475888856484,0.0
59164.03912071887,0.6355280263061582,0.0
59164.046065227114,1.5288550769779385,0.0
59164.0530097353,-0.6084591118438016,0.0
59164.05995424354,0.415955959874172,0.0
59164.06689875166,-0.10427258956061647,0.0
59164.073843259845,-0.31493978837782066,0.0
59164.0807877679,1.3736488484432208,0.0
59164.087732276035,0.28089181942510044,0.0
59164.094676784036,1.8540156394395069,0.0
59164.1016212921,-0.013788092536746954,0.0
59164.10856580005,0.8021004556036612,0.0
59164.11551030806,1.350646301701685,0.0
59164.12245481601,2.112895871425527,0.0
59164.1293993239,0.5249621795853472,0.0
59164.13634383179,-0.1430282053150982,0.0
59164.14328833963,1.6411502610994022,0.0
59164.15023284746,0.8031875133500608,0.0
59164.15717735529,0.6271501570360833,0.0
59164.16412186307,2.1842619100515033,0.0
59164.171066370785,-0.571202756754933,0.0
59164.1780108785,1.8265142088448931,0.0
59164.18495538622,-0.5025741659422877,0.0
59164.19189989388,1.6484828104785263,0.0
59164.19884440154,-0.3873114212002269,0.0
59164.20578890914,0.5113898559927601,0.0
59164.21273341667,0.9403703352828878,0.0
59164.21967792428,0.21168187018527415,0.0
59164.22662243176,-0.05744195902654159,0.0
59164.23356693924,0.7954325716278817,0.0
59164.240511446726,1.32902543775716,0.0
59164.24745595415,0.31267520678615757,0.0
59164.25440046158,0.856214826821063,0.0
59164.261344968945,2.1603766518571277,0.0
59164.26828947631,0.9317940576979036,0.0
59164.27523398368,0.8564378619109765,0.0
59164.28217849093,1.9702427725744145,0.0
59164.28912299824,-0.28875462685779607,0.0
59164.29606750549,1.3354223937062208,0.0
59164.303012012686,0.1472995753708023,0.0
59164.30995651988,0.5682558145447012,0.0
59164.31690102707,-0.47557896242888104,0.0
59164.32384553421,-0.4023348292609813,0.0
59164.33079004128,1.9465843070045659,0.0
59164.33773454836,0.5938199437764113,0.0
59164.34467905543,0.13210425441607532,0.0
59164.35162356245,0.9972344824533557,0.0
59164.35856806941,-0.9234282430407799,0.0
59164.36551257637,0.19035739394334705,0.0
59164.37245708333,-0.6632980399235248,0.0
59164.37940159023,0.9427726355699318,0.0
59164.38634609713,0.7259365231761389,0.0
59164.39329060398,-0.2309658609019501,0.0
59164.40023511082,1.5592802322558326,0.0
59164.40717961761,0.901815238455431,0.0
59164.41412412439,-0.17059030678791348,0.0
59164.42106863112,0.23837547807638637,0.0
59164.42801313785,1.0734095939746862,0.0
59164.43495764452,0.12707483780810686,0.0
59164.441902151186,-0.18445718296532299,0.0
59164.448846657855,-0.7791136834191303,0.0
59164.455791164466,0.16285863989162525,0.0
59164.46273567101,-0.041721182386566524,0.0
59164.469680177564,0.3455189328194061,0.0
59164.47662468412,3.1728945816216756,0.0
59164.48356919061,0.9746525089464095,0.0
59164.49051369705,0.4363905045513571,0.0
59164.497458203485,1.2084927547612885,0.0
59164.50440270992,0.003155512373668401,0.0
59164.5113472163,1.392965814789795,0.0
59164.51829172268,0.16924491136078446,0.0
59164.525236229,1.4520078614652898,0.0
59164.53218073526,0.5356957257338986,0.0
59164.53912524158,0.44005945288841447,0.0
59164.54606974778,0.21671636895727106,0.0
59164.553014254045,-0.29233809074068806,0.0
59164.55995876019,0.506274515807186,0.0
59164.56690326639,-0.051331979471655464,0.0
59164.57384777254,0.874162497118571,0.0
59164.58079227862,1.0882694560808301,0.0
59164.58773678471,0.6177876424969917,0.0
59164.594681290735,0.8370180649086559,0.0
59164.601625796764,2.2350697985181873,0.0
59164.60857030279,0.04939802092822276,0.0
59164.615514808764,0.5113744297900723,0.0
59164.622459314676,0.7714906839949879,0.0
59164.62940382059,0.590153291138005,0.0
59164.6363483265,2.043835557323535,0.0
59164.643292832356,0.23240517101052027,0.0
59164.65023733821,-0.2497284607547848,0.0
59164.657181844006,0.8851831747745504,0.0
59164.664126349744,-0.21996682531587686,0.0
59164.67107085554,1.388270103735536,0.0
59164.67801536122,1.3977833246246691,0.0
59164.68495986696,1.0865961056712998,0.0
59164.69190437258,1.3788006652301332,0.0
59164.69884887826,0.9032858916289772,0.0
59164.70579338388,-0.11309173210143525,0.0
59164.712737889444,0.863615655940573,0.0
59164.71968239501,0.5421633087489734,0.0
59164.726626900505,0.6963471163256543,0.0
59164.73357140601,0.9368864160807808,0.0
59164.740515911515,1.1458230129894758,0.0
59164.74746041696,1.4598640783990193,0.0
59164.75440492235,1.5618548496612237,0.0
59164.76134942774,-0.36973386203217673,0.0
59164.76829393313,0.6972068578992974,0.0
59164.77523843846,0.6740759641935616,0.0
59164.78218294373,0.8768974657262393,0.0
59164.78912744906,0.5728238022165208,0.0
59164.796071954275,0.8243836759327261,0.0
59164.80301645949,0.9064797353507466,0.0
59164.8099609647,0.05723382440419578,0.0
59164.81690546986,0.8544101742509951,0.0
59164.823849975015,1.7999886084893915,0.0
59164.83079448017,1.7152008207006875,0.0
59164.83773898521,0.5688436130928112,0.0
59164.8446834903,0.5097571483913219,0.0
59164.85162799535,-0.07980358914151175,0.0
59164.85857250032,0.0227017200249488,0.0
59164.8655170053,2.0838594823522274,0.0
59164.872461510284,1.2618316346036216,0.0
59164.87940601521,0.9455999001588389,0.0
59164.914128539356,-0.6907634477173463,0.0
59164.92107304416,1.0494330503944336,0.0
59164.92801754885,1.525883344909817,0.0
59164.9349620536,0.8550668917975328,0.0
59164.94190655823,-0.7794027907400889,0.0
59164.94885106292,0.9710144759305984,0.0
59164.9557955675,-0.144178561484968,0.0
59164.96274007212,0.7530727096415113,0.0
59164.9696845767,0.1747053696889851,0.0
59164.97662908121,2.036306786795468,0.0
59164.98357358573,0.19253845754238552,0.0
59164.990518090184,1.7681979584780203,0.0
59164.99746259464,0.6474607429200362,0.0
59165.0044070991,0.29712336501205083,0.0
59165.0113516035,-0.355577923459136,0.0
59165.01829610784,0.5797345455858989,0.0
59165.02524061218,1.9808792165156428,0.0
59165.03218511652,0.11203017815378158,0.0
59165.0391296208,-0.6820319183691775,0.0
59165.046074125086,1.2067538042556898,0.0
59165.05301862931,-0.17032050244889352,0.0
59165.059963133535,1.111499083694326,0.0
59165.0669076377,0.4143188574663348,0.0
59165.07385214187,0.3589764058924577,0.0
59165.080796645976,0.4565892728037898,0.0
59165.087741150084,1.451803021419276,0.0
59165.094685654134,-0.9754193889666383,0.0
59165.101630158184,-1.266722025475727,0.0
59165.10857466223,0.33020281621536485,0.0
59165.11551916622,-0.24828683365209148,0.0
59165.12246367015,0.3462364075348875,0.0
59165.12940817409,0.6576311175896442,0.0
59165.13635267802,1.845615447764509,0.0
59165.143297181894,0.40942680428211453,0.0
59165.15024168571,2.7102523205516267,0.0
59165.15718618953,1.2922078767452865,0.0
59165.164130693345,0.4678636979901395,0.0
59165.171075197104,1.5127158416941655,0.0
59165.17801970086,1.5288707117365585,0.0
59165.18496420456,1.1198427980356755,0.0
59165.191908708264,1.282050416794898,0.0
59165.19885321191,0.13264622087478564,0.0
59165.20579771555,-0.16437487452829502,0.0
59165.21274221913,-0.910871689092457,0.0
59165.21968672272,0.4505629460787318,0.0
59165.226631226295,-0.07383927673540253,0.0
59165.23357572983,0.2924643931106843,0.0
59165.24052023329,1.1681853954936439,0.0
59165.24746473676,0.07305924414678946,0.0
59165.254409240224,1.828663983846381,0.0
59165.261353743634,1.6052571706860164,0.0
59165.268298246985,1.6187966005308199,0.0
59165.27524275034,0.8011257445021229,0.0
59165.28218725369,0.6832102531314708,0.0
59165.28913175698,0.9361000732268789,0.0
59165.296076260274,-0.4486884394099704,0.0
59165.30302076351,0.8053377278120235,0.0
59165.309965266744,7.403952438332473,0.0
59165.31690976992,0.3863350691781199,0.0
59165.3238542731,0.7852094291367293,0.0
59165.33079877622,0.5892629271263341,0.0
59165.337743279335,0.38498178805831584,0.0
59165.34468778245,0.004006563139318908,0.0
59165.351632285456,1.8308474074684549,0.0
59165.358576788516,0.6960165506992546,0.0
59165.36552129152,1.9682727133808848,0.0
59165.37246579446,3.132873953169144,0.0
59165.379410297406,0.8494641642235936,0.0
59165.38635480034,1.727507700866147,0.0
59165.39329930323,1.7958006310449834,0.0
59165.400243806114,0.9849917026628161,0.0
59165.40718830894,-1.6667046102583143,0.0
59165.41413281177,0.04337517814893821,0.0
59165.42107731454,0.9585382423262605,0.0
59165.42802181725,0.422581514681568,0.0
59165.43496632002,-0.8453505343028941,0.0
59165.44191082273,0.8290738987745299,0.0
59165.44885532538,0.833202336832036,0.0
59165.455799828036,1.4643599074633389,0.0
59165.46274433063,0.40229317145375076,0.0
59165.469688833226,2.1424746427741614,0.0
59165.47663333576,1.5573751348541078,0.0
59165.4835778383,1.0071605439243037,0.0
59165.490522340835,0.26917828941792943,0.0
59165.49746684331,0.7923171596684293,0.0
59165.50441134579,0.7904208629537942,0.0
59165.51135584821,2.4810284679143875,0.0
59165.518300350566,-0.44485593108828775,0.0
59165.525244852935,0.22536612539260714,0.0
59165.53218935529,3.153957011645429,0.0
59165.5391338576,-0.192983059609938,0.0
59165.5460783599,0.17397868925350785,0.0
59165.55302286214,1.6356441678844202,0.0
59165.55996736439,-0.4554235431391389,0.0
59165.566911866576,0.10297435098952612,0.0
59165.57385636876,0.5555249480218619,0.0
59165.58080087095,0.258393101537882,0.0
59165.58774537302,1.2181755922930548,0.0
59165.59468987515,0.644858872874448,0.0
59165.60163437722,0.08223778028756623,0.0
59165.60857887923,-0.8821070612414775,0.0
59165.615523381246,0.3287086975541321,0.0
59165.62246788326,1.7458903930220748,0.0
59165.62941238521,-0.12853554630968944,0.0
59165.63635688711,0.22919015731375425,0.0
59165.643301389064,0.943118529315115,0.0
59165.650245890894,1.083911042401046,0.0
59165.65719039273,1.1933062104690713,0.0
59165.66413489457,2.2267288361493893,0.0
59165.67107939635,-0.1330213481319683,0.0
59165.67802389813,0.6851556291210431,0.0
59165.68496839985,0.9015070776770583,0.0
59165.69191290157,2.5628158858693606,0.0
59165.698857403295,1.2808969574042635,0.0
59165.70580190496,-0.659494348076328,0.0
59165.71274640656,-0.7338559152804193,0.0
59165.71969090817,0.9730757726449614,0.0
59165.726635409716,-0.8566090417149907,0.0
59165.73357991126,-0.8038010207822283,0.0
59165.74052441281,0.5277852719446678,0.0
59165.7474689143,0.7747044784806596,0.0
59165.75441341573,0.6049303577649616,0.0
59165.76135791722,1.6509235549683952,0.0
59165.76830241859,0.9453450773402974,0.0
59165.77524691996,0.8850004611228575,0.0
59165.782191421335,0.7512774103552723,0.0
59165.78913592265,1.1885894024967407,0.0
59165.796080423956,0.35057110617693826,0.0
59165.80302492521,-0.3633719103492875,0.0
59165.80996942647,0.23629399480395796,0.0
59165.816913927665,0.29027579664578185,0.0
59165.82385842886,2.073651482591434,0.0
59165.83080293006,1.146361918276517,0.0
59165.8377474312,1.0353877405330194,0.0
59165.84469193228,0.17127595665619438,0.0
59165.85163643336,1.749557430980236,0.0
59165.858580934386,1.6348119104796937,0.0
59165.86552543541,0.8664077940437858,0.0
59165.87246993643,-0.3723316752542657,0.0
59165.8794144374,0.7638422005815662,0.0
59165.88635893836,1.1361320134821113,0.0
59165.89330343927,2.16270197174517,0.0
59165.90024794012,1.5999319525960645,0.0
59165.907192441024,0.0009020795122915981,0.0
59165.914136941814,-0.120000562693585,0.0
59165.92108144266,0.6453579834172627,0.0
59165.92802594339,-0.31032394639057087,0.0
59165.934970444185,0.874479168735906,0.0
59165.94191494491,1.1072653952980307,0.0
59165.94885944558,1.1585848291165732,0.0
59165.95580394626,0.42289920809155146,0.0
59165.96274844687,1.7501049798079655,0.0
59165.96969294749,1.7561697486256505,0.0
59165.976637448104,1.0506207773977974,0.0
59165.98358194866,0.5291397453660109,0.0
59165.99052644916,0.7899627301900027,0.0
59165.99747094966,1.9979081653077673,0.0
59166.00441545016,-0.2430616635567466,0.0
59166.0113599506,-1.080310925835669,0.0
59166.01830445098,0.19655963015608324,0.0
59166.025248951366,0.3175569623907826,0.0
59166.03219345175,2.0667573368893115,0.0
59166.03913795207,-0.2102485784320714,0.0
59166.0460824524,0.049531452855792524,0.0
59166.053026952664,0.3045531107159227,0.0
59166.05997145293,1.4600951168494403,0.0
59166.06691595314,1.392317338166027,0.0
59166.07386045335,-0.02510107838715625,0.0
59166.080804953555,1.3489365700484424,0.0
59166.08774945364,-0.7780737668310098,0.0
59166.09469395379,0.7659756816268237,0.0
59166.10163845388,0.7689082638400064,0.0
59166.108582953915,1.477796702123839,0.0
59166.11552745395,0.12980375659971588,0.0
59166.12247195398,1.3120054184657883,0.0
59166.12941645396,0.6866888000733737,0.0
59166.136360953875,1.35845102466444,0.0
59166.14330545379,1.5281540057599077,0.0
59166.15024995371,-0.03925422032363968,0.0
59166.15719445357,1.3320616613738847,0.0
59166.16413895343,0.17418245651410202,0.0
59166.17108345323,0.34165699210903483,0.0
59166.17802795303,1.2895949820096393,0.0
59166.18497245277,1.2683732913220291,0.0
59166.19191695251,0.781691114782208,0.0
59166.1988614522,0.4186441142101529,0.0
59166.20580595188,1.334261714314283,0.0
59166.21275045151,1.1066431974212678,0.0
59166.21969495113,0.7799644084457787,0.0
59166.2266394507,1.0151511307899597,0.0
59166.23358395026,1.3293310814557318,0.0
59166.24052844983,1.0780177058362699,0.0
59166.24747294934,2.0843438581546656,0.0
59166.25441744879,1.1799819486662046,0.0
59166.26136194824,0.5364183180807958,0.0
59166.268306447695,3.2704756441740415,0.0
59166.27525094709,1.089204570779533,0.0
59166.28219544642,1.9786820831786833,0.0
59166.28913994576,2.474129871514936,0.0
59166.29608444509,0.6502902475829584,0.0
59166.30302894437,0.25499015491714005,0.0
59166.30997344365,0.5987712277116028,0.0
59166.316917942866,1.3818215820536777,0.0
59166.323862442085,0.879266066369422,0.0
59166.330806941245,0.6529442888242134,0.0
59166.337751440406,2.5584267793499365,0.0
59166.34469593951,0.29420849464445187,0.0
59166.35164043861,1.4704404595046587,0.0
59166.358584937654,0.5235735960887753,0.0
59166.36552943669,0.7842755128641536,0.0
59166.372473935735,1.0570173271136056,0.0
59166.37941843472,0.2430543064273064,0.0
59166.38636293365,0.9760068069601994,0.0
59166.393307432576,1.3520065032988962,0.0
59166.400251931445,1.9714096070580027,0.0
59166.407196430315,2.084739255167225,0.0
59166.414140929184,-0.43181892973170527,0.0
59166.421085427995,0.9476971338897819,0.0
59166.42802992681,0.8894718020230818,0.0
59166.43497442556,-0.5482982391716372,0.0
59166.441918924254,0.21017548336727768,0.0
59166.44886342301,0.8197571919821741,0.0
59166.455807921644,1.0251073845367538,0.0
59166.46275242028,1.666684948930197,0.0
59166.46969691892,2.167431432240729,0.0
59166.476641417496,1.0099403206689044,0.0
59166.483585916074,-0.008951746027698243,0.0
59166.490530414594,0.9091991292194435,0.0
59166.497474913114,0.5977232385556037,0.0
59166.504419411634,0.34924446788394947,0.0
59166.51136391003,1.7503667958456925,0.0
59166.51830840849,-0.670212548175531,0.0
59166.5252529069,-0.1037653455227816,0.0
59166.53219740524,0.17078908906221846,0.0
59166.53914190359,-0.5530494432479898,0.0
59166.546086401875,0.9492986669558305,0.0
59166.55303090016,-0.3792918966087161,0.0
59166.55997539845,1.5065247668435129,0.0
59166.56691989668,-0.43694214954231786,0.0
59166.57386439485,0.008795066699915588,0.0
59166.58080889308,-0.6825983587448861,0.0
59166.58775339119,0.15770541963799023,0.0
59166.594697889304,0.5375295512513857,0.0
59166.60164238742,-0.13013921203199358,0.0
59166.60858688547,0.08298281067732205,0.0
59166.615531383526,1.2803556226350283,0.0
59166.62247588152,1.7265416762108423,0.0
59166.62942037952,0.5205943382299962,0.0
59166.63636487746,-0.0385563070047894,0.0
59166.64330937534,1.5099072714653727,0.0
59166.650253873275,-0.2612826635799573,0.0
59166.65719837115,-0.25128734969786065,0.0
59166.664142868976,0.7462123491653715,0.0
59166.67108736679,0.1570082845715685,0.0
59166.678031875796,1.1187219755546582,0.0
59166.68497637355,1.1728846818794927,0.0
59166.691920871264,0.23010457835129927,0.0
59166.69886536896,1.8822595876400385,0.0
59166.70580986661,0.5715533322380673,0.0
59166.71275436426,0.4711217441689166,0.0
59166.7196988619,1.4961363050493959,0.0
59166.72664335949,1.2000719762598395,0.0
59166.73358785702,0.4311706648343658,0.0
59166.74053235455,1.2447440753555536,0.0
59166.747476852084,1.5901578872348654,0.0
59166.75442134956,-0.9167919973627052,0.0
59166.76136584697,0.38590069630207724,0.0
59166.76831034444,0.5216038393979618,0.0
59166.7752548418,-0.584358798343208,0.0
59166.782199339155,-0.24448804828154702,0.0
59166.78914383651,1.2108016601447875,0.0
59166.79608833381,0.30609682523393167,0.0
59166.80303283111,1.0701124976811167,0.0
59166.80997732835,-0.5547437040492074,0.0
59166.816921825586,0.18160734778662027,0.0
59166.82386632276,1.1684340629702092,0.0
59166.83081081994,0.6995428599139376,0.0
59166.837755317065,0.019123841443829503,0.0
59166.84469981419,0.4566042459451166,0.0
59166.85164431125,0.8474420934284906,0.0
59166.85858880832,0.7138988185279531,0.0
59166.865533305325,1.6653552532413367,0.0
59166.87247780233,1.998320464433128,0.0
59166.87942229928,0.8788500090026954,0.0
59166.88636679623,0.9036330131788859,0.0
59166.89331129318,2.1367223963232913,0.0
59166.90025579001,0.18173315381699695,0.0
59166.9072002869,0.48106032495877027,0.0
59166.91414478373,1.8137482860580287,0.0
59166.921089280506,0.46538802916141325,0.0
59166.92803377728,0.49813855480531144,0.0
59166.934978274054,1.6336345483874335,0.0
59166.94192277077,1.1465903393839763,0.0
59166.94886726743,1.439408894546044,0.0
59166.955811764085,0.4150628759657231,0.0
59166.96275626074,1.4608378851509585,0.0
59166.96970075734,1.4082092939754767,0.0
59166.97664525393,1.019753885452143,0.0
59166.983589750474,0.5617549488562736,0.0
59166.99053424696,0.6782014764303552,0.0
59166.99747874344,0.010742009279525289,0.0
59167.00442323992,1.182275495035577,0.0
59167.01136773635,0.8358957115690908,0.0
59167.01831223277,1.0446237900880435,0.0
59167.02525672914,1.90912144414186,0.0
59167.032201225506,-0.6352101341195531,0.0
59167.039145721814,1.3716679526499904,0.0
59167.04609021812,0.9068164845371812,0.0
59167.05303471437,1.5182455096936307,0.0
59167.05997921062,-0.16353025350201933,0.0
59167.066923706814,-0.263979805799321,0.0
59167.073868203006,1.8986754117640396,0.0
59167.08081269914,1.1819098776468484,0.0
59167.08775719527,0.0,0.0
59167.09470169135,0.9368051087874385,0.0
59167.101646187424,1.2228459363144308,0.0
59167.10859068344,1.8285507579765916,0.0
59167.11553517946,0.9331683716539225,0.0
59167.12247967541,0.9122484981132487,0.0
59167.12942417138,0.624307802695527,0.0
59167.136368667336,0.39747816738811537,0.0
59167.14331316324,1.2065825292410093,0.0
59167.15025765907,-0.09596316741434996,0.0
59167.157202154915,1.3978049309641998,0.0
59167.1641466507,0.6477681166202061,0.0
59167.17109114648,0.8201911553433812,0.0
59167.17803564227,0.8853036400915303,0.0
59167.184980137994,1.9571654639266625,0.0
59167.19192463366,1.0812723027607143,0.0
59167.19886912933,1.9058250410459974,0.0
59167.205813625,0.5047865229754627,0.0
59167.21275812061,1.1320568454846658,0.0
59167.21970261616,-0.06371875011516082,0.0
59167.22664711171,-0.060087251835437616,0.0
59167.23359160726,0.16514376331006253,0.0
59167.240536102756,0.5286139566394221,0.0
59167.24748059819,-0.3561905156964259,0.0
59167.254425093626,1.2847981683971894,0.0
59167.26136958906,0.5431508272965625,0.0
59167.26831408444,1.200775925625776,0.0
59167.275258579815,-0.7827624635374442,0.0
59167.282203075134,1.347024439614354,0.0
59167.289147570395,0.8797489111430532,0.0
59167.296092065655,0.8229600889179152,0.0
59167.303036560916,0.04852563644440977,0.0
59167.30998105611,1.0883653422836876,0.0
59167.31692555131,0.33738693255589286,0.0
59167.32387004646,0.33380009747135964,0.0
59167.3308145416,0.7369766087210375,0.0
59167.33775903669,1.217827859000288,0.0
59167.344703531715,0.47613143075815073,0.0
59167.3516480268,0.4974077687808309,0.0
59167.35859252177,0.7070054456794086,0.0
59167.3655370168,1.2356674344883185,0.0
59167.37248151171,0.44833609468280894,0.0
59167.37942600662,1.614245695046338,0.0
59167.38637050153,2.281215927681506,0.0
59167.393314996385,0.9721622916345252,0.0
59167.40025949124,0.3987204928538286,0.0
59167.40720398603,0.988038334918669,0.0
59167.41414848083,0.5254482979461247,0.0
59167.421092975565,1.3110094258203566,0.0
59167.4280374703,0.201097645813753,0.0
59167.43498196498,2.0909846806323467,0.0
59167.44192645966,1.4737572736917224,0.0
59167.44887095428,0.6102949850666998,0.0
59167.45581544889,2.4185198342887935,0.0
59167.46275994346,0.5197198706276972,0.0
59167.469704438015,0.7918196250076084,0.0
59167.47664893253,0.40133155578820445,0.0
59167.48359342702,1.0121724997398909,0.0
59167.49053792153,1.4115936479604807,0.0
59167.497482415914,0.8409250007416642,0.0
59167.50442691036,1.984511269685223,0.0
59167.51137140469,1.6433984855434665,0.0
59167.51831589908,-2.2564257866633985,0.0
59167.525260393406,0.11229772025263929,0.0
59167.53220488768,-0.6323761760376312,0.0
59167.53914938195,-0.16484844597377993,0.0
59167.54609387616,1.2038903293029926,0.0
59167.55303837037,-0.06352886070431951,0.0
59167.55998286453,0.13976215079745372,0.0
59167.56692735868,0.8217656772801012,0.0
59167.57387185278,1.926349705951542,0.0
59167.580816346876,0.18893295560544066,0.0
59167.587760840914,0.05022932216043316,0.0
59167.59470533495,1.054164802729085,0.0
59167.60164982899,1.0467049417221397,0.0
59167.60859432291,-0.6310605913589362,0.0
59167.615538816885,-0.10367934883558094,0.0
59167.62248331081,1.26744494101953,0.0
59167.62942780467,0.46424720117551804,0.0
59167.63637229853,-0.6937621113548988,0.0
59167.64331679234,1.3305230219011464,0.0
59167.65026128615,1.1391200188223367,0.0
59167.65720577989,-0.7418935305887183,0.0
59167.66415027364,0.7484340803685411,0.0
59167.67109476733,0.0969327069657967,0.0
59167.678039261016,1.033782515382766,0.0
59167.684983754705,0.9215733957705821,0.0
59167.69192824828,0.6762854212958543,0.0
59167.69887274191,2.903930724275412,0.0
59167.70581723548,1.2485840732595601,0.0
59167.712761728995,1.2078875141564827,0.0
59167.71970622251,0.8237524321842915,0.0
59167.726650715966,1.672372475663862,0.0
59167.73359520942,1.3390322819906686,0.0
59167.74053970282,1.241000834271653,0.0
59167.74748419622,1.6348169383176034,0.0
59167.75442868956,0.2263254653364335,0.0
59167.7613731829,0.10240405110004427,0.0
59167.76831767618,0.2973236047630159,0.0
59167.77526216946,1.4176578355311102,0.0
59167.78220666268,-1.2925909590063895,0.0
59167.7891511559,-0.6224486841893196,0.0
59167.79609564912,0.39841941142462484,0.0
59167.80304014223,-0.5772304059755747,0.0
59167.809984635394,0.09967351665653534,0.0
59167.81692912844,1.1042654669794718,0.0
59167.82387362155,1.510709642395669,0.0
59167.83081811454,1.7322648225351793,0.0
59167.83776260759,1.5993917179812025,0.0
59167.84470710052,1.755338752016046,0.0
59167.85165159351,2.034632151250891,0.0
59167.858596086386,0.03649320251997512,0.0
59167.86554057932,-0.013984687087021164,0.0
59167.872485072134,0.6869347894113986,0.0
59167.87942956501,2.0334759332330754,0.0
59167.886374057765,0.9898235343200098,0.0
59167.89331855058,1.8019555822295046,0.0
59167.90026304328,1.5902945749189963,0.0
59167.90720753598,0.7516640347612334,0.0
59167.91415202868,-0.08239739611801511,0.0
59167.92109652132,1.4293878245195901,0.0
59167.92804101396,2.3898865601337365,0.0
59167.934985506545,0.39938865302725,0.0
59167.94192999913,0.7355562335356298,0.0
59167.94887449165,1.2761049067361918,0.0
59167.95581898418,0.05075484354938875,0.0
59167.962763476644,1.6205292956795478,0.0
59167.96970796905,1.4063883566242823,0.0
59167.97665246145,1.4125469313245989,0.0
59167.98359695387,-0.1649051012203423,0.0
59167.99054144621,-0.5128071344425342,0.0
59167.99748593856,1.1668836938060765,0.0
59168.004430430854,1.2232596494439396,0.0
59168.01137492309,0.36868815035015823,0.0
59168.01831941532,2.428526600881572,0.0
59168.025263907555,0.14181457288363442,0.0
59168.03220839973,0.9489732688050745,0.0
59168.03915289185,0.3461071569077043,0.0
59168.046097383965,-0.20352657008561725,0.0
59168.05304187608,1.0246309195415366,0.0
59168.05998636814,-0.21832097624305358,0.0
59168.06693086014,1.0198935005454266,0.0
59168.073875352144,1.318380905516178,0.0
59168.080819844145,1.4195616301718619,0.0
59168.08776433609,-0.2225088919715134,0.0
59168.09470882797,0.11731511090610314,0.0
59168.101653319856,0.9074406197712194,0.0
59168.10859781168,0.6630052998720852,0.0
59168.11554230351,1.3738020605209023,0.0
59168.122486795335,-0.4211350232961939,0.0
59168.1294312871,1.0423900753494402,0.0
59168.13637577881,2.4060630100026827,0.0
59168.14332027052,2.0070938668692255,0.0
59168.15026476217,1.556256926410042,0.0
59168.157209253826,0.1063683039859894,0.0
59168.16415374541,0.5191305011587826,0.0
59168.171098237006,0.3322354416676777,0.0
59168.17804272854,1.9362827739827575,0.0
59168.18498722008,1.9429946724925224,0.0
59168.19193171155,2.6743371145644566,0.0
59168.19887620303,1.7046127447943593,0.0
59168.20582069445,1.0520644077862302,0.0
59168.21276518587,0.5265846552926925,0.0
59168.21970967723,1.2070342912111574,0.0
59168.22665416853,-0.08737252707069665,0.0
59168.233598659834,0.4613225937542602,0.0
59168.240543151136,0.48143021627026994,0.0
59168.24748764238,0.5916038466181752,0.0
59168.254432133625,-0.04869220419365472,0.0
59168.26137662481,0.9619627201551227,0.0
59168.26832111594,0.3751028800486342,0.0
59168.275265607066,2.161297683851071,0.0
59168.282210098194,0.5862552583919685,0.0
59168.28915458926,0.4165457734799533,0.0
59168.296099080275,0.45838101360353567,0.0
59168.303043571286,0.537857170698844,0.0
59168.30998806223,1.534454227533209,0.0
59168.316932553185,2.415911723835607,0.0
59168.32387704414,0.9387910111948592,0.0
59168.33082153498,0.865398352149669,0.0
59168.33776602587,-0.6141082966114945,0.0
59168.34471051671,0.8657015009763066,0.0
59168.351655007486,0.7699766572898123,0.0
59168.358599498264,-0.26368116264194996,0.0
59168.365543988984,1.0335834191979054,0.0
59168.372488479705,1.7872369724136319,0.0
59168.37943297037,0.26135901498845315,0.0
59168.38637746097,1.3626072939277145,0.0
59168.39332195163,0.5857819131234249,0.0
59168.40026644218,0.8768652185689475,0.0
59168.407210932724,-0.5154082705552185,0.0
59168.41415542327,0.5477884979743181,0.0
59168.42109991376,0.2319712365368436,0.0
59168.42804440419,0.7938699596259593,0.0
59168.434988894616,1.5657676955349915,0.0
59168.441933385046,1.3098689052343455,0.0
59168.44887787542,0.5062150834956306,0.0
59168.45582236573,0.7339385701144661,0.0
59168.46276685604,-0.4471475174630366,0.0
59168.4697113463,1.1958135013832631,0.0
59168.47665583655,0.7934026511446812,0.0
59168.48360032681,0.2711609407587201,0.0
59168.490544816945,0.6128424470176737,0.0
59168.497489307134,1.955663783165891,0.0
59168.50443379722,1.3303653134584135,0.0
59168.511378287294,0.4963231751779429,0.0
59168.518322777374,0.40484116594895986,0.0
59168.525267267396,0.4114024023111509,0.0
59168.53221175742,1.0012739029836952,0.0
59168.53915624738,0.35203831497982585,0.0
59168.546100737345,1.239279280674514,0.0
59168.55304522725,1.6326509641643345,0.0
59168.5599897171,1.2002199860472837,0.0
59168.566934206945,-0.2069239044460327,0.0
59168.573878696734,0.2854393638014283,0.0
59168.58082318652,0.1477362233427848,0.0
59168.58776767631,-0.19998729206549987,0.0
59168.59471216604,0.09752654379682035,0.0
59168.601656655715,0.41678922704515187,0.0
59168.60860114539,-0.14722891819369965,0.0
59168.615545635,1.0243426481512188,0.0
59168.62249012462,0.47160069959431594,0.0
59168.62943461417,-0.6158240789354292,0.0
59168.63637910373,1.404496753766769,0.0
59168.64332359323,0.7136760529258044,0.0
59168.65026808267,0.49498415901191284,0.0
59168.65721257211,0.2615485231671836,0.0
59168.66415706155,0.8459774792416175,0.0
59168.67110155093,0.7652642762026157,0.0
59168.67804604025,1.6999554697672044,0.0
59168.684990529575,0.7947886095569131,0.0
59168.6919350189,0.21075426000711642,0.0
59168.698879508156,0.3396320284629987,0.0
59168.70582399736,0.29347032246953564,0.0
59168.71276848657,0.6919241310585964,0.0
59168.71971297572,0.3424972927803247,0.0
59168.72665746487,0.06907952524523148,0.0
59168.73360195396,-0.17915293464386242,0.0
59168.74054644299,-0.6832552175367433,0.0
59168.74749093208,0.13941555252026075,0.0
59168.754435421055,0.7015224538657374,0.0
59168.76137991003,-1.1309737348793685,0.0
59168.768324399,1.205299204495757,0.0
59168.77526888792,-0.0905002525177876,0.0
59168.78221337678,1.9856385510957586,0.0
59168.789157865634,0.7699300751729483,0.0
59168.796102354434,0.6976017381211308,0.0
59168.80304684323,-0.4104465685565808,0.0
59168.809991331975,0.3232458637186225,0.0
59168.816935820716,0.3510880809450603,0.0
59168.8238803094,0.6563107855877524,0.0
59168.83082479808,0.4083582639759309,0.0
59168.83776928671,0.9431247603761246,0.0
59168.84471377533,1.1273603212942183,0.0
59168.8516582639,0.7663299406539388,0.0
59168.85860275241,-0.4610949155723042,0.0
59168.865547240915,1.028368969426001,0.0
59168.87249172936,-0.6199998295009671,0.0
59168.879436217816,0.4091932470454609,0.0
59168.88638070626,-0.459397906284311,0.0
59168.89332519459,1.547726472110818,0.0
59168.900269682985,0.6132556836180552,0.0
59168.90721417126,0.9614224634218095,0.0
59168.914158659536,0.25686878887427944,0.0
59168.92110314781,0.4573197254925955,0.0
59168.92804763603,1.3142954775476015,0.0
59168.93499212425,0.5614420690935401,0.0
59168.941936612406,-0.44921307675917277,0.0
59168.94888110051,-0.3820064548970227,0.0
59168.95582558861,-0.01793494813265628,0.0
59168.96277007665,0.06732292046542443,0.0
59168.96971456469,1.3060344216866342,0.0
59168.97665905268,1.0530126346929052,0.0
59168.98360354066,0.9259896830616877,0.0
59168.99054802859,0.8302787895695011,0.0
59168.997492516515,-0.11413075369502446,0.0
59169.00443700438,0.7317716586244308,0.0
59169.01138149219,0.790382301155246,0.0
59169.01832598,1.8651120407067117,0.0
59169.02527046781,1.3724361083481285,0.0
59169.032214955565,1.6453423822457929,0.0
59169.03915944326,0.23983041192699306,0.0
59169.04610393095,1.1272564032940513,0.0
59169.05304841859,-0.4154838870164971,0.0
59169.05999290622,1.906289945888037,0.0
59169.0669373938,0.45781554065517976,0.0
59169.07388188131,0.7895819291481116,0.0
59169.08082636883,2.458043463920384,0.0
59169.08777085635,-0.6286130538154946,0.0
59169.09471534381,1.813985512639397,0.0
59169.10165983121,1.5516371976000647,0.0
59169.108604318615,1.849925066945373,0.0
59169.11554880596,0.19754974973402595,0.0
59169.122493293304,-0.16384925693806435,0.0
59169.12943778059,-0.37051862973572114,0.0
59169.136382267876,0.5841883655911666,0.0
59169.143326755104,1.1751497597669984,0.0
59169.15027124227,0.4281888993434808,0.0
59169.15721572944,1.7375401568825624,0.0
59169.16416021661,1.7130391650269199,0.0
59169.171104703724,0.5115940955163029,0.0
59169.17804919078,0.7055364376999615,0.0
59169.18499367783,3.0675993692306074,0.0
59169.191938164826,1.3469462532890755,0.0
59169.19888265182,0.0715028376229454,0.0
59169.20582713876,0.9136945622300372,0.0
59169.21277162564,0.9526783481443913,0.0
59169.219716112515,1.2277819172958453,0.0
59169.226660599394,0.5769989140188735,0.0
59169.233605086156,2.0871932132024025,0.0
59169.240549572976,-0.8190364005669137,0.0
59169.24749405974,-0.6860540862098665,0.0
59169.25443854644,1.0263230689642333,0.0
59169.26138303308,-0.06199020101874875,0.0
59169.26832751973,0.13079171745713758,0.0
59169.27527200637,2.158590751048673,0.0
59169.28221649297,0.15580626949868515,0.0
59169.28916097949,0.7305072870196121,0.0
59169.29610546602,1.89739140510242,0.0
59169.30304995255,0.15783521915497545,0.0
59169.30999443896,0.42840784680031985,0.0
59169.31693892543,1.1408436891498934,0.0
59169.32388341179,-0.9333439787752084,0.0
59169.33082789814,0.04040774914179221,0.0
59169.3377723845,-0.5584405910499111,0.0
59169.34471687079,0.16820751016000357,0.0
59169.35166135703,0.3425577538063256,0.0
59169.35860584327,1.1738858478369476,0.0
59169.36555032945,0.8684673121707052,0.0
59169.37249481563,1.5452010300580956,0.0
59169.37943930175,0.08008639312548471,0.0
59169.386383787874,-0.3421857915499149,0.0
59169.39332827394,0.23546843339753268,0.0
59169.40027275994,0.47002150229791273,0.0
59169.40721724595,2.3586940208770555,0.0
59169.414161731955,1.063637781183659,0.0
59169.421106217844,2.086489729221994,0.0
59169.42805070379,0.17069237307591895,0.0
59169.43499518962,1.5287426979693015,0.0
59169.44193967545,0.590443465751623,0.0
