mjd,counts,event
59115.39416300137,0.44479503850407,0.0
59115.40110759173,0.8678668518954635,0.0
59115.40805218197,0.36079181806987926,0.0
59115.41499677222,-0.18824625056257505,0.0
59115.42194136234,0.5256106236873404,0.0
59115.42888595235,1.6180512341643694,0.0
59115.44971972191,-1.3321312575928768,0.0
59115.45666431157,-0.17190204759582572,0.0
59115.470553490544,0.16854041915930518,0.0
59115.47749807997,0.7099807760136252,0.0
59115.48444266916,-0.12635202639187426,0.0
59115.49138725836,-0.39540078375450627,0.0
59115.49833184743,0.7805822044490219,0.0
59115.5052764364,0.712195531031338,0.0
59115.512221025245,0.19249268353077453,0.0
59115.51916561409,-0.5262352398902598,0.0
59115.5261102027,0.5630375064359472,0.0
59115.53305479131,0.22663889475555288,0.0
59115.53999937969,-0.32262743271297945,0.0
59115.546943968075,1.512714990196213,0.0
59115.55388855634,0.2599111841998205,0.0
59115.56083314448,0.36092998409993027,0.0
59115.56777773251,-0.3342212985751971,0.0
59115.57472232042,1.3178068893586659,0.0
59115.58166690822,5.488077391053009,0.0
59115.588611496016,0.553677032572407,0.0
59115.59555608359,0.916241266341936,0.0
59115.602500671026,-0.06062929774998016,0.0
59115.60944525848,0.4555647017361659,0.0
59115.616389845694,0.49796315263798374,0.0
59115.62333443291,0.42481980436376576,0.0
59115.630279020006,1.0649393387092516,0.0
59115.63722360699,0.46686973367216233,0.0
59115.64416819386,0.2093766577128775,0.0
59115.65111278049,-1.658397796049944,0.0
59115.65805736712,0.5219071600173221,0.0
59115.66500195364,-0.7122275958766316,0.0
59115.67194654004,0.38584889636955255,0.0
59115.67889112644,0.46629725612329476,0.0
59115.685835712604,-0.034016063239245886,0.0
59115.69278029866,-0.4258215192697461,0.0
59115.699724884595,0.6636295957724914,0.0
59115.70666947053,1.3840362561834632,0.0
59115.71361405623,0.9113908415412264,0.0
59115.72055864181,0.43088273109762976,0.0
59115.7275032274,-0.16217276992674368,0.0
59115.73444781275,0.7818052681559919,0.0
59115.74139239811,1.2434227152666448,0.0
59115.748336983226,0.6302031176320735,0.0
59115.755281568345,1.645493490839177,0.0
59115.76222615335,0.767303309843482,0.0
59115.76917073812,0.38120055800946107,0.0
59115.776115322886,0.11782268287865616,0.0
59115.783059907546,1.3245653535466702,0.0
59115.79000449208,1.7709307030222152,0.0
59115.7969490765,1.33918192993213,0.0
59115.803893660806,-1.1630114758520955,0.0
59115.810838244994,-0.2253022953243078,0.0
59115.817782829065,0.3599127136634399,0.0
59115.82472741302,0.606783589525912,0.0
59115.831671996864,1.0861223324004234,0.0
59115.838616580586,0.3641542275077937,0.0
59115.84556116431,-0.13217122824829985,0.0
59115.8525057478,0.8686535620632461,0.0
59115.85945033117,1.2920531053812523,0.0
59115.86639491454,-0.6250385903906415,0.0
59115.87333949769,0.4025103035921527,0.0
59115.88028408083,-0.015874235208613086,0.0
59115.887228663734,1.6510887470013733,0.0
59115.89417324664,-0.47701563959923843,0.0
59115.90111782943,1.3616624428579405,0.0
59115.90806241199,-1.9080180556586253,0.0
59115.915006994546,0.11656539456771253,0.0
59115.921951576995,-0.4855773646400844,0.0
59115.92889615932,0.31333875014369017,0.0
59115.93584074153,-0.024821827968218857,0.0
59115.94278532362,-0.004229670436293742,0.0
59115.949729905595,-0.26879699776585153,0.0
59115.95667448757,0.12722935628664622,0.0
59115.96361906931,0.9794581495388278,0.0
59115.970563651055,-0.8755945134256695,0.0
59115.97750823257,0.7536340632839411,0.0
59115.98445281408,0.9325342673391622,0.0
59115.99139739536,-0.023432221463750902,0.0
59115.998341976636,1.2650231602272568,0.0
59116.005286557796,-0.36639916013954354,0.0
59116.01223113884,-0.24912153622890787,0.0
59116.019175719775,1.5660077937756869,0.0
59116.02612030059,-0.08001723043267517,0.0
59116.03306488128,0.6287354030237838,0.0
59116.04000946186,-0.8315946226787956,0.0
59116.04695404244,0.3131170204593563,0.0
59116.053898622784,1.8011297840659526,0.0
59116.06084320313,-0.09661136226743638,0.0
59116.067787783366,0.08463517079281624,0.0
59116.07473236336,0.29786083789054574,0.0
59116.08167694336,2.048620418949893,0.0
59116.08862152324,-0.5097671981115202,0.0
59116.095566103,-1.358384663937414,0.0
59116.102510682766,0.45371509189597603,0.0
59116.1094552623,-0.3711353147277804,0.0
59116.116399841834,1.103933937304785,0.0
59116.12334442113,0.7493641682733259,0.0
59116.13028900043,0.19625603107526435,0.0
59116.13723357961,-1.1200034924700792,0.0
59116.14417815868,-0.19998028789912203,0.0
59116.15112273763,-0.1557017308956955,0.0
59116.158067316464,0.4870622183696729,0.0
59116.16501189518,-0.9371986572576938,0.0
59116.171956473896,-0.03973788156421709,0.0
59116.178901052495,-0.04043161607215118,0.0
59116.18584563086,1.3849234753241157,0.0
59116.19279020923,0.18251442218990954,0.0
59116.199734787486,0.7104854349496043,0.0
59116.21362394375,1.6987838347661826,0.0
59116.220568521654,0.4422054346685208,0.0
59116.227513099555,0.2504089828337668,0.0
59116.23445767734,0.5894644640282017,0.0
59116.24140225501,1.1316596329431061,0.0
59116.248346832566,-0.13681418855211613,0.0
59116.25529141,-0.49524318789860633,0.0
59116.26223598744,0.050038948686401574,0.0
59116.26918056464,0.40841218300063187,0.0
59116.27612514184,0.5418750598357726,0.0
59116.28306971893,0.48440226260326547,0.0
59116.2900142959,-0.902817480709799,0.0
59116.296958872874,-0.3486867609492025,0.0
59116.30390344961,-0.017756599135732465,0.0
59116.31084802635,1.0907418752980407,0.0
59116.31779260297,0.8338908038505897,0.0
59116.32473717947,0.9348825403362802,0.0
59116.33168175586,0.4925081718940444,0.0
59116.33862633214,0.29820999523402913,0.0
59116.34557090841,0.005998206654047267,0.0
59116.35251548445,1.7659804712440774,0.0
59116.359460060485,1.0070957203709663,0.0
59116.36640463652,0.4049689419563405,0.0
59116.37334921233,0.06657137599469609,0.0
59116.380293788025,-0.7396467043607924,0.0
59116.38723836371,2.0778182332576596,0.0
59116.394182939286,-0.368027608119342,0.0
59116.40112751474,-0.009593556147729054,0.0
59116.4080720902,0.7809835530654393,0.0
59116.41501666542,0.01187360806087523,0.0
59116.421961240645,0.944389846975747,0.0
59116.42890581576,0.450755230294304,0.0
59116.43585039075,0.16537799121678975,0.0
59116.442794965624,0.09877305059589969,0.0
59116.4497395405,-0.7409205054623309,0.0
59116.456684115255,0.06897944115935606,0.0
59116.4636286899,1.7244149694848456,0.0
59116.47057326442,0.22518418107768823,0.0
59116.477517838954,0.328692255388793,0.0
59116.48446241336,0.3464973402540755,0.0
59116.491406987654,-0.17615438033732522,0.0
59116.49835156183,-0.4480256916446602,0.0
59116.50529613589,0.69234132120377,0.0
59116.51224070995,-0.2390284846192413,0.0
59116.5191852839,0.012807078276408257,0.0
59116.526129857724,-0.7087947972345572,0.0
59116.533074431434,1.51019561689855,0.0
59116.540019005144,1.9649705081528874,0.0
59116.54696357874,1.8457827807086093,0.0
59116.553908152215,1.4869279851523802,0.0
59116.560852725575,0.33811959516972445,0.0
59116.567797298936,0.5657812398629218,0.0
59116.57474187219,1.09135759919996,0.0
59116.581686445315,1.4239857188492335,0.0
59116.58863101844,0.6620604474231756,0.0
59116.59557559134,0.26795767030311746,0.0
59116.60252016423,0.28423800916415265,0.0
59116.60946473702,0.18985329418573427,0.0
59116.6164093098,-0.8162465037359509,0.0
59116.62335388234,0.5380536221487932,0.0
59116.63029845489,0.7870529892854474,0.0
59116.637243027435,-0.2821282499857369,0.0
59116.64418759975,1.0743845804525711,0.0
59116.65113217207,0.2701652799613783,0.0
59116.658076744265,0.04441255930176591,0.0
59116.665021316345,-1.3966037776558888,0.0
59116.671965888425,1.2291182512521592,0.0
59116.67891046039,0.3365322268452362,0.0
59116.685855032236,0.7080974895553888,0.0
59116.69279960408,0.8638835515802465,0.0
59116.6997441757,-0.10577217141291317,0.0
59116.70668874732,0.2595453460701438,0.0
59116.713633318934,0.38402405343694523,0.0
59116.720577890315,0.6646038791108944,0.0
59116.7275224617,1.46285270387332,0.0
59116.73446703308,0.5361504704596298,0.0
59116.74141160423,0.6493057095590432,0.0
59116.74835617538,0.7638292022854071,0.0
59116.755300746416,-0.8165109684669266,0.0
59116.76224531733,-0.4249521328439987,0.0
59116.76918988825,1.042118125797834,0.0
59116.77613445905,-0.900572557168447,0.0
59116.78307902973,-0.9964137123928751,0.0
59116.79002360042,-1.0236968511048918,0.0
59116.79696817099,0.6097766643473781,0.0
59116.80391274144,0.36270221656633106,0.0
59116.81085731189,0.13461088917554515,0.0
59116.81780188222,0.7269829466033971,0.0
59116.82474645244,0.08145788559786726,0.0
59116.83169102254,0.3635265791084369,0.0
59116.83863559265,1.440960744299052,0.0
59116.84558016263,-0.09255717292701071,0.0
59116.85252473262,1.0248203749104565,0.0
59116.859469302486,0.5910259490070652,0.0
59116.86641387224,-0.10729955892872828,0.0
59116.87335844188,1.1682753126675731,0.0
59116.880303011516,-0.035442519898659874,0.0
59116.887247581035,-0.30525708957950903,0.0
59116.89419215044,-0.7620050973115293,0.0
59116.90113671984,-0.16666047869701628,0.0
59116.908081289126,0.10588434437582528,0.0
59116.91502585841,0.7592218327807392,0.0
59116.92197042747,0.4474193652322298,0.0
59116.92891499664,1.0958754063528486,0.0
59116.93585956558,0.36595861406968866,0.0
59116.942804134516,3.0373520226439474,0.0
59116.94974870334,-0.865646821092211,0.0
59116.95669327204,0.8400984437238329,0.0
59116.963637840745,0.7448563463926912,0.0
59116.97058240934,-0.6810044425242313,0.0
59116.97752697793,1.1269275210255312,0.0
59116.9844715464,1.6206822375345964,0.0
59116.99141611475,0.6548432577536005,0.0
59116.99836068311,-0.4733468261990157,0.0
59117.00530525123,0.9552425909334776,0.0
59117.01224981947,0.5772614556576531,0.0
59117.01919438748,0.43150595068083986,0.0
59117.02613895549,0.48850681710641375,0.0
59117.03308352349,-0.0283801217080506,0.0
59117.040028091265,-0.08093654208575607,0.0
59117.046972659155,0.8551239855091783,0.0
59117.05391722681,0.31740748831264626,0.0
59117.06086179447,-0.5419267726070458,0.0
59117.067806362014,0.09702331056755842,0.0
59117.07475092944,0.9584957765322479,0.0
59117.08169549686,1.6387329453566382,0.0
59117.088640064285,0.7070699630645492,0.0
59117.095584631476,0.6037254303782252,0.0
59117.102529198666,-0.024196357932949608,0.0
59117.109473765864,1.2747988541319883,0.0
59117.11641833282,0.9130669759861338,0.0
59117.123362899896,-0.11309448735855665,0.0
59117.13030746674,0.6373106166065787,0.0
59117.13725203358,0.8573066918648697,0.0
59117.144196600304,0.14340790279278381,0.0
59117.151141167036,0.5694368942209536,0.0
59117.158085733645,1.227398055077522,0.0
59117.16503030014,1.1995446072822935,0.0
59117.17197486663,1.0675199342669162,0.0
59117.178919433005,0.35543383812277507,0.0
59117.18586399938,-0.5985537925579386,0.0
59117.19280856564,-0.6837702507168539,0.0
59117.19975313179,-0.11229438532618297,0.0
59117.20669769793,0.11661575257606205,0.0
59117.21364226396,-0.575996848944759,0.0
59117.220586829986,1.0599385619274093,0.0
59117.227531395896,0.8756737225024381,0.0
59117.23447596169,-0.21558343091207788,0.0
59117.24142052749,0.08696155347983303,0.0
59117.24836509317,0.4809800994374981,0.0
59117.255309658845,0.10155133184160015,0.0
59117.262254224406,-0.03257272030392744,0.0
59117.26919878985,0.9188233358693534,0.0
59117.276143355295,-0.32794614232489416,0.0
59117.28308792063,-0.44063181080528824,0.0
59117.29003248584,1.1516936966512483,0.0
59117.29697705105,-1.101363489570021,0.0
59117.303921616265,0.39942185953077025,0.0
59117.310866181244,-0.2000658425978048,0.0
59117.31781074634,0.024251157409741042,0.0
59117.32475531121,0.43893379653207615,0.0
59117.33169987607,0.6672922269798809,0.0
59117.33864444093,0.1122735504265131,0.0
59117.34558900568,1.1881217167284204,0.0
59117.35253357031,0.2366553208829013,0.0
59117.35947813482,0.9411132871783116,0.0
59117.36642269946,-0.5651328537354114,0.0
59117.373367263855,-0.07870801902441127,0.0
59117.38031182825,2.3673906478452444,0.0
59117.38725639253,0.4521624054988167,0.0
59117.39420095681,0.7836158557846752,0.0
59117.40114552098,0.16274181791833087,0.0
59117.40809008514,0.13509812946006594,0.0
59117.415034649195,0.6290563765377537,0.0
59117.421979213126,1.1189953061261708,0.0
59117.42892377706,-0.3929981813380837,0.0
59117.43586834099,0.1727536480621683,0.0
59117.44281290469,0.6561409620415491,0.0
59117.4497574685,-0.39871110487633254,0.0
59117.45670203208,-0.6965496671976714,0.0
59117.46364659567,0.44275211195435804,0.0
59117.470591159254,0.36036723893764677,0.0
59117.47753572272,0.13193132105231886,0.0
59117.48448028607,1.2245232699609943,0.0
59117.49142484942,0.12081518561119492,0.0
59117.49836941266,-0.5849258755875232,0.0
59117.50531397589,-0.3026878733642312,0.0
59117.512258539005,0.29117218584806603,0.0
59117.519203102005,-0.14764689604112347,0.0
59117.526147665005,0.6202970959015066,0.0
59117.533092228005,1.6870089648999773,0.0
59117.54003679089,0.10477900746943924,0.0
59117.54698135366,-0.26697672537898165,0.0
59117.55392591643,0.9880553814973486,0.0
59117.56087047908,-0.0065938874535406145,0.0
59117.56781504173,0.3686630006977586,0.0
59117.574759604264,0.03591273782105997,0.0
59117.58170416669,1.2285898607767616,0.0
59117.5886487291,0.19306734671807313,0.0
59117.595593291524,0.2236548864224288,0.0
59117.602537853825,-0.8629562352326735,0.0
59117.60948241601,0.7886543796172596,0.0
59117.616426978195,1.7053104256556881,0.0
59117.62337154026,-0.22731905703077482,0.0
59117.63031610234,-0.49364851111993757,0.0
59117.63726066428,0.7267032796866293,0.0
59117.64420522624,-0.3129678818434797,0.0
59117.65114978808,0.2884218074047151,0.0
59117.6580943498,0.933306934707056,0.0
59117.66503891152,0.05726179536966436,0.0
59117.671983473236,1.4773206542710902,0.0
59117.678928034846,0.5908335609616961,0.0
59117.68587259633,0.5840090183760829,0.0
59117.69281715782,0.2538179881929139,0.0
59117.69976171919,-0.24374300534214888,0.0
59117.70670628056,1.6098109678776094,0.0
59117.71365084181,1.0200228326615557,0.0
59117.720595403065,-0.0898970371745208,0.0
59117.72753996421,-0.640784364754125,0.0
59117.73448452535,1.1530797009410034,0.0
59117.74142908637,0.5636075673339801,0.0
59117.74837364727,-0.08640903208493389,0.0
59117.755318208176,0.04320681686501404,0.0
59117.76226276909,-0.39966151617022394,0.0
59117.769207329875,1.1431887164980616,0.0
59117.776151890546,-0.1064076871221219,0.0
59117.78309645122,0.8548988712268064,0.0
59117.79004101189,1.1831050297393655,0.0
59117.796985572444,-0.026638286942414213,0.0
59117.80393013288,0.14683604527827732,0.0
59117.81087469333,0.47456714296860436,0.0
59117.81781925365,0.512557379580343,0.0
59117.82476381397,0.4653601009437969,0.0
59117.83170837418,0.21296459859252992,0.0
59117.838652934384,0.7389997048422977,0.0
59117.84559749448,-0.3268906338197517,0.0
59117.85254205457,1.22624296200838,0.0
59117.85948661454,-0.49151754980618023,0.0
59117.866431174516,-0.1887530315192405,0.0
59117.87337573437,-0.29986818793867065,0.0
59117.88032029423,-0.29251049136203033,0.0
59117.88726485397,0.6400306985447215,0.0
59117.8942094136,1.005995493647305,0.0
59117.901153973224,1.0563125000733833,0.0
59117.90809853285,-0.650126070873847,0.0
59117.915043092355,0.15270045514592445,0.0
59117.92198765186,0.4314168750458013,0.0
59117.92893221125,0.43597339036017346,0.0
59117.93587677053,-0.2349568466437536,0.0
59117.94282132981,-1.1092217291031312,0.0
59117.94976588908,1.263803809472311,0.0
59117.95671044824,-0.20238387010630532,0.0
59117.96365500728,0.7732507597819165,0.0
59117.970599566324,0.21463074394460602,0.0
59117.97754412537,0.9984686230821535,0.0
59117.9844886843,1.311421645201868,0.0
59117.99143324311,0.675121888483156,0.0
59117.998377801916,-0.42240105382767346,0.0
59118.005322360725,-1.005900286801856,0.0
59118.01226691942,0.6124565820475774,0.0
59118.01921147799,1.0688978172947654,0.0
59118.026156036576,-0.18130044635426157,0.0
59118.03310059515,0.45927635565775504,0.0
59118.04004515361,0.3779558397475936,0.0
59118.046989711955,0.12932981741056282,0.0
59118.0539342703,0.2258995207601996,0.0
59118.06087882864,-0.8777882348043572,0.0
59118.06782338687,-0.4334178126619568,0.0
59118.074767944985,1.5636186091412458,0.0
59118.081712503095,0.2890848589794699,0.0
59118.088657061206,0.1507875049652435,0.0
59118.0956016192,0.516076462729369,0.0
59118.10254617708,-0.21008256827241856,0.0
59118.10949073496,0.23976796102133024,0.0
59118.11643529284,-0.5058723577040312,0.0
59118.1233798506,2.2854676033053707,0.0
59118.130324408245,-0.9257189249916835,0.0
59118.137268966006,0.13730144970106783,0.0
59118.144213523534,0.47267004381802646,0.0
59118.15115808106,0.7112606381402204,0.0
59118.1581026386,0.2490215707396689,0.0
59118.16504719601,0.5474424955081212,0.0
59118.17199175342,0.4164663114612329,0.0
59118.17893631072,1.09621442163528,0.0
59118.185880867895,0.4746134837526117,0.0
59118.192825425074,-0.5154184354762372,0.0
59118.19976998226,1.4044807684195217,0.0
59118.20671453932,0.5915423281119185,0.0
59118.213659096386,0.7995979601888152,0.0
59118.22060365333,-0.07378900518706488,0.0
59118.22754821028,-0.9010812236300869,0.0
59118.23449276711,0.5668441776936306,0.0
59118.241437323944,-1.0365505042218341,0.0
59118.24838188066,0.7508068321418954,0.0
59118.25532643737,0.07263027393497357,0.0
59118.262270994084,1.3766122596156416,0.0
59118.269215550565,1.1845701332663632,0.0
59118.27616010716,1.0911265338360456,0.0
59118.28310466365,1.3050292625772104,0.0
59118.29004922001,1.215485312465353,0.0
59118.29699377638,-0.18085305492265857,0.0
59118.30393833274,-0.26223597365779494,0.0
59118.31088288899,-0.16053157833829756,0.0
59118.31782744512,-1.1116963099293158,0.0
59118.32477200126,0.8558544034310864,0.0
59118.33171655739,0.8841477027178549,0.0
59118.338661113405,-0.17025688689799878,0.0
59118.34560566942,-0.01828345882485416,0.0
59118.35255022532,0.6583315939945986,0.0
59118.3594947811,0.6683018696969889,0.0
59118.366439337,0.28424103004468715,0.0
59118.37338389267,-0.6395372133936411,0.0
59118.38032844845,-0.6389192827698216,0.0
59118.387273004,0.8214769699745337,0.0
59118.39421755967,0.23653408093626538,0.0
59118.40116211522,-0.31000129494230455,0.0
59118.40810667066,-1.3919012044366266,0.0
59118.41505122609,-0.28037906384941724,0.0
59118.421995781406,1.1938618344628267,0.0
59118.42894033672,0.7922959017796146,0.0
59118.43588489204,-0.5459290263302161,0.0
59118.44282944724,0.6760910385895962,0.0
59118.44977400244,0.092816128221626,0.0
59118.45671855753,1.2554490302059695,0.0
59118.46366311261,2.677201708044251,0.0
59118.47060766758,1.556659563726198,0.0
59118.47755222255,0.5849612364459563,0.0
59118.4844967774,0.9715214800335134,0.0
59118.491441332255,0.5188924625473263,0.0
59118.49838588699,-0.6562494380853044,0.0
59118.50533044172,-0.903375825459173,0.0
59118.51227499634,0.1289176108976442,0.0
59118.51921955096,0.8672186752496486,0.0
59118.52616410558,0.17738058662819545,0.0
59118.53310866008,-0.39123064367583427,0.0
59118.54005321459,-0.6000221929217764,0.0
59118.54699776897,-0.08467382982572591,0.0
59118.55394232336,0.5214385858700905,0.0
59118.560886877625,0.5778007306404693,0.0
59118.567831431894,0.5609054966048718,0.0
59118.57477598605,0.13231533892267788,0.0
59118.581720540205,-0.7428402589303148,0.0
59118.58866509424,-0.43038586441519766,0.0
59118.59560964828,0.7932832041622523,0.0
59118.60255420231,-0.5019553701549886,0.0
59118.60949875623,-0.22657193681699628,0.0
59118.616443310035,0.507437930197564,0.0
59118.62338786396,1.5353551599841642,0.0
59118.63033241765,-0.02264131953999593,0.0
59118.63727697145,0.3234600061273357,0.0
59118.64422152502,0.7390707055780771,0.0
59118.65116607871,-0.0842955847811021,0.0
59118.65811063228,0.43827832479909834,0.0
59118.66505518574,0.37408921631870706,0.0
59118.67199973919,-0.09797640736805868,0.0
59118.678944292646,1.1816087214482056,0.0
59118.68588884598,0.8610293558511062,0.0
59118.69283339932,0.4502012407826981,0.0
59118.69977795254,1.6795362684622257,0.0
59118.70672250577,0.12214005748230405,0.0
59118.71366705887,1.1311526022254408,0.0
59118.72061161198,0.13572632102623994,0.0
59118.727556164966,0.4505701040241452,0.0
59118.734500717954,1.3731291153492011,0.0
59118.74144527094,-1.3421766962779935,0.0
59118.74838982382,0.1672545864068855,0.0
59118.755334376576,0.09740042288767814,0.0
59118.76227892945,0.8603237531241404,0.0
59118.769223482086,0.1726854187491792,0.0
59118.77616803484,0.9261548393658517,0.0
59118.78311258748,0.6601016576320041,0.0
59118.79005714,-0.30746761510938525,0.0
59118.79700169253,0.5729817812595559,0.0
59118.803946245054,0.8503690545999671,0.0
59118.81089079746,0.5691580029197467,0.0
59118.817835349866,1.14624705512605,0.0
59118.824779902156,0.4924335947536278,0.0
59118.831724454445,0.034748062254272405,0.0
59118.838669006625,1.0827001930655409,0.0
59118.8456135588,1.658770378290468,0.0
59118.852558110855,0.44392906595996373,0.0
59118.85950266291,-0.26382580791601373,0.0
59118.86644721497,1.2592248809700246,0.0
59118.873391766916,0.22136096798279692,0.0
59118.880336318856,0.25975590597044335,0.0
59118.88728087068,-0.029866296246993773,0.0
59118.894225422504,-0.07272399531502483,0.0
59118.90116997433,0.3168544502294087,0.0
59118.908114526035,-0.6976577826026094,0.0
59118.91505907763,1.6781164541110174,0.0
59118.922003629224,0.09823705660498805,0.0
59118.928948180815,0.010673206497323617,0.0
59118.93589273229,0.8576332663398679,0.0
59118.942837283765,0.9954096751353916,0.0
59118.94978183524,1.340190193988581,0.0
59118.956726386605,0.692925387184462,0.0
59118.96367093785,1.9950490614486238,0.0
59118.97061548909,1.3195659972303715,0.0
59118.97756004033,0.8195542629498493,0.0
59118.984504591455,0.4819954760383517,0.0
59118.99144914258,-0.015056097410480196,0.0
59118.99839369359,0.9987232102920615,0.0
59119.005338244606,-0.9285388357228562,0.0
59119.012282795615,1.1950898233325131,0.0
59119.01922734651,0.23202154797188035,0.0
59119.0261718974,0.6144207993791764,0.0
59119.033116448176,0.8425667550562289,0.0
59119.04006099896,-0.8880793432926096,0.0
59119.04700554962,1.04344465200464,0.0
59119.05395010028,0.9494597242225785,0.0
59119.06089465094,0.9507595494055554,0.0
59119.06783920148,-0.08337009859611699,0.0
59119.074783752025,0.38322890177009394,0.0
59119.08172830245,0.6261098671564866,0.0
59119.088672852886,-0.31177523307088717,0.0
59119.095617403196,0.46560449810858207,0.0
59119.10256195351,1.2987535549744917,0.0
59119.10950650382,0.6334379330485874,0.0
59119.11645105401,1.383454136927961,0.0
59119.12339560421,-0.507160075405338,0.0
59119.13034015429,1.3985287511295335,0.0
59119.13728470437,-0.14693944796715486,0.0
59119.14422925433,0.7522903749660612,0.0
59119.15117380429,1.0542381551713231,0.0
59119.15811835425,1.238063893175215,0.0
59119.165062904096,-0.8420264498046424,0.0
59119.17200745395,1.0709056681007516,0.0
59119.17895200368,0.17394634182788626,0.0
59119.185896553405,0.5118103816399528,0.0
59119.19284110313,-0.9296888577941864,0.0
59119.199785652745,-0.5153774746685253,0.0
59119.20673020225,-1.2595822901011284,0.0
59119.21367475186,1.0816413007972474,0.0
59119.220619301355,0.19189392719653975,0.0
59119.227563850734,0.9633053560425326,0.0
59119.23450840011,0.9423332253326043,0.0
59119.24145294949,0.9297251472474157,0.0
59119.24839749876,1.7091779085054135,0.0
59119.255342048025,0.5448628141716162,0.0
59119.26228659717,-0.9243191398386753,0.0
59119.26923114632,1.110160150943466,0.0
59119.27617569535,1.0176656643520636,0.0
59119.28312024438,1.2321393113585433,0.0
59119.290064793415,1.1744521255741711,0.0
59119.29700934233,1.0763247858159999,0.0
59119.30395389124,0.6586662097531185,0.0
59119.310898440155,-0.3054661969050462,0.0
59119.31784298895,1.4615003333852234,0.0
59119.32478753763,-0.03621522835978597,0.0
59119.33173208643,0.6610431900621787,0.0
59119.338676635,0.07735808759539808,0.0
59119.34562118368,0.7955816233932715,0.0
59119.352565732246,0.9815598724173603,0.0
59119.359510280694,0.2589158318162062,0.0
59119.36645482914,1.1650661809437,0.0
59119.3733993776,0.18117920532026865,0.0
59119.38034392593,0.22957686900620833,0.0
59119.38728847426,1.004393036072142,0.0
59119.39423302259,-0.10332531457393512,0.0
59119.401177570806,0.7732059347506042,0.0
59119.40812211902,0.1359811509099247,0.0
59119.41506666713,-0.28813123092493326,0.0
59119.422011215225,0.047275453450044136,0.0
59119.42895576321,1.4655161464940012,0.0
59119.43590031119,0.3892619656678932,0.0
59119.44284485917,-0.38186785258258094,0.0
59119.44978940704,-0.6546056492383541,0.0
59119.45673395491,-0.7911712391015948,0.0
59119.46367850266,0.0754310670294206,0.0
59119.47062305041,0.08941254813446808,0.0
59119.47756759816,0.6399510812351963,0.0
59119.48451214579,1.2031897174802062,0.0
59119.491456693424,0.583611868901704,0.0
59119.49840124094,0.8675277631257077,0.0
59119.505345788464,0.34060312107556723,0.0
59119.51229033598,1.020313159299547,0.0
59119.51923488338,0.3231862510114547,0.0
59119.52617943078,1.564177457756436,0.0
59119.533123978064,0.6133393155174017,0.0
59119.540068525355,1.1724208883364957,0.0
59119.54701307264,0.6286426144492633,0.0
59119.553957619806,-0.4229490885624989,0.0
59119.56090216686,0.8188195302916913,0.0
59119.567846714024,1.2987677862224905,0.0
59119.57479126108,0.1852090269352833,0.0
59119.58173580802,0.44972131829140194,0.0
59119.58868035495,0.37358108041058224,0.0
59119.595624901885,-0.21824231031286884,0.0
59119.6025694487,0.1622526730796348,0.0
59119.60951399552,-0.8525895941892787,0.0
59119.61645854234,0.21662733788817323,0.0
59119.62340308905,0.2492223082915892,0.0
59119.63034763575,0.336072520765189,0.0
59119.637292182335,0.33404051403434504,0.0
59119.64423672892,0.3903586816722099,0.0
59119.65118127539,0.3612780795132078,0.0
59119.658125821974,0.5777238495510129,0.0
59119.66507036833,-0.33849341865076554,0.0
59119.6720149148,-0.19854579100162095,0.0
59119.678959461155,0.9508388837886468,0.0
59119.68590400739,0.8924482629978024,0.0
59119.69284855363,0.6347832586447165,0.0
59119.69979309986,1.036591110906776,0.0
59119.70673764599,-0.393002393584426,0.0
59119.71368219211,0.5263811231629788,0.0
59119.72062673823,0.06637355732591277,0.0
59119.72757128423,0.4876807919742887,0.0
59119.734515830234,0.7206322591845193,0.0
59119.74146037613,0.5881828668932845,0.0
59119.748404922015,-0.255208026117107,0.0
59119.7553494679,-0.47072216104376235,0.0
59119.76229401367,-0.10936884617946718,0.0
59119.769238559325,0.6322431964750906,0.0
59119.7761831051,-0.3982895576753924,0.0
59119.78312765076,0.4883678426608137,0.0
59119.790072196294,1.0526723131147984,0.0
59119.79701674195,0.9616553901564198,0.0
59119.80396128737,0.19921866226309082,0.0
59119.81090583291,0.23401348611582973,0.0
59119.81785037833,-0.19446618931334758,0.0
59119.82479492364,0.5054062757385254,0.0
59119.83173946906,-1.1122899266489605,0.0
59119.83868401425,0.061316827824158815,0.0
59119.84562855955,-0.29815466348637787,0.0
59119.85257310474,0.8242661867023289,0.0
59119.85951764993,-0.5403780399740008,0.0
59119.866462195,-0.14405410468000168,0.0
59119.87340674008,0.25988599205885343,0.0
59119.880351285035,1.0846263245993297,0.0
59119.88729582999,0.11473165725233248,0.0
59119.894240374946,0.10155990914796953,0.0
59119.901184919785,1.0270532377405885,0.0
59119.90812946463,1.081395928337355,0.0
59119.91507400947,0.9925364390305558,0.0
59119.92201855419,0.10357925490767894,0.0
59119.928963098915,0.06361313772078714,0.0
59119.93590764352,-0.1666136348687446,0.0
59119.942852188135,-0.8434734541924359,0.0
59119.949796732624,-0.7660046865899655,0.0
59119.95674127723,0.9280124437586813,0.0
59119.9636858216,0.015678715077936944,0.0
59119.97063036609,1.3762789812101306,0.0
59119.977574910474,-0.5783975110224748,0.0
59119.98451945484,0.5090999857607418,0.0
59119.991463999104,-1.3178814481724042,0.0
59119.99840854336,0.3179657666766724,0.0
59120.0053530875,-0.5212615325500762,0.0
59120.01229763164,-0.9547063689275441,0.0
59120.01924217578,0.3899018765529394,0.0
59120.026186719806,0.24763738874633934,0.0
59120.03313126384,0.07111422112240362,0.0
59120.04007580786,0.8327429043147861,0.0
59120.04702035177,0.36431172081362373,0.0
59120.05396489568,-0.5805312726508458,0.0
59120.06090943947,0.7060211059691744,0.0
59120.06785398326,0.30431300078610757,0.0
59120.07479852706,0.1059744593314127,0.0
59120.08174307073,0.9528448760280844,0.0
59120.08868761441,-0.010225025723419545,0.0
59120.095632157965,0.7102701580588177,0.0
59120.10257670152,-0.5789353424382491,0.0
59120.10952124509,-0.024412596340750214,0.0
59120.11646578853,-0.0830482540637586,0.0
59120.12341033197,0.8223921812575623,0.0
59120.130354875415,0.29758136190042306,0.0
59120.13729941874,0.12267072851574845,0.0
59120.14424396196,0.24170910473792218,0.0
59120.15118850528,1.2552319147598006,0.0
59120.15813304849,0.01132751531755194,0.0
59120.165077591584,0.2548404037506762,0.0
59120.17202213479,0.45689600888004245,0.0
59120.178966677886,1.0542712618354253,0.0
59120.18591122086,0.87896042674939,0.0
59120.192855763846,0.9854837093168229,0.0
59120.19980030682,0.3462598434728218,0.0
59120.20674484968,0.44238099346705173,0.0
59120.21368939254,0.7590907773945053,0.0
59120.2206339354,-0.29572852552812134,0.0
59120.22757847815,1.030824571415081,0.0
59120.234523020896,1.1768050659680422,0.0
59120.24146756352,-0.48843148894903476,0.0
59120.24841210615,1.1504911717286688,0.0
59120.25535664878,0.44936520438922056,0.0
59120.26230119129,0.3565389568612065,0.0
59120.2692457338,-0.816466255096024,0.0
59120.276190276316,-0.6989421409390704,0.0
59120.28313481871,0.273462102366659,0.0
59120.29007936099,0.3474405511772525,0.0
59120.29702390338,1.5547828464507107,0.0
59120.30396844566,0.2820475909461174,0.0
59120.31091298783,0.5821030696410151,0.0
59120.317857530106,-0.6159760091132471,0.0
59120.32480207227,0.23008467346103445,0.0
59120.33174661431,0.398827945564628,0.0
59120.33869115636,1.1775696874028443,0.0
59120.34563569841,0.2622408244829022,0.0
59120.35258024034,-0.42900798725713774,0.0
59120.35952478227,0.473892573033328,0.0
59120.366469324195,0.41757398033791715,0.0
59120.37341386601,0.45558200242361624,0.0
59120.38035840782,-0.09035393091235311,0.0
59120.38730294963,-0.5175187188800885,0.0
59120.394247491335,0.7343588104818511,0.0
59120.401192032914,-0.3184016291749723,0.0
59120.40813657461,0.537484454547164,0.0
59120.41508111619,0.7737008240546089,0.0
59120.42202565765,0.7499489401570038,0.0
59120.42897019924,-0.4392186692284925,0.0
59120.435914740585,0.26268061056114744,0.0
59120.44285928205,0.799965392482068,0.0
59120.449803823394,0.07550361515511117,0.0
59120.45674836474,0.5123049504545555,0.0
59120.46369290597,0.061003409432103695,0.0
59120.47063744721,1.0203932666968623,0.0
59120.47758198844,0.18509587070108946,0.0
59120.48452652955,1.0309893391501106,0.0
59120.491471070665,0.6540517072804675,0.0
59120.49841561166,-0.048766292352906415,0.0
59120.50536015266,-1.1142094864034546,0.0
59120.512304693664,-0.24210721499306465,0.0
59120.519249234545,0.6413962401109369,0.0
59120.526193775426,-0.250818337607674,0.0
59120.53313831631,0.3380267623241109,0.0
59120.54008285707,-0.34844179585928947,0.0
59120.54702739784,0.5080015573740781,0.0
59120.55397193861,-0.05695171501038021,0.0
59120.560916479255,0.4942021935708415,0.0
59120.5678610199,0.2091990890818166,0.0
59120.574805560434,1.2634083078218152,0.0
59120.581750100966,-0.7504721079547958,0.0
59120.588694641505,0.579331719003692,0.0
59120.59563918192,0.7838054179984374,0.0
59120.602583722335,0.9599007993177504,0.0
59120.60952826275,0.5242189380708381,0.0
59120.61647280305,0.7538555588918883,0.0
59120.62341734323,0.8744912884127504,0.0
59120.63036188354,-0.63026785966913,0.0
59120.63730642372,0.3462971807546995,0.0
59120.6442509639,-0.09206479712095439,0.0
59120.65119550397,-0.0343586305753697,0.0
59120.658140044034,-0.2688505991299409,0.0
59120.66508458411,-0.9030325910966868,0.0
59120.672029124056,0.49107020043216887,0.0
59120.678973664006,0.44510230843075294,0.0
59120.68591820384,1.2727297005324796,0.0
59120.69286274367,0.6702352592270415,0.0
59120.699807283505,0.7342467577181633,0.0
59120.70675182322,-0.16614844138894636,0.0
59120.713696362945,0.2730567045875043,0.0
59120.72064090266,-0.40452289435198674,0.0
59120.72758544226,0.3161561461707749,0.0
59120.73452998186,0.4456883981321973,0.0
59120.74147452146,-0.41228652988601966,0.0
59120.748419060954,0.4538084349155862,0.0
59120.75536360032,1.6305877824595107,0.0
59120.762308139805,0.7580646593912714,0.0
59120.76925267917,0.23726325225496225,0.0
59120.77619721854,-0.23236531576491248,0.0
59120.78314175779,0.339916489709031,0.0
59120.79008629705,0.11481839022560703,0.0
59120.7970308363,0.08256036680290546,0.0
59120.803975375435,0.9714696329967596,0.0
59120.81091991457,0.42384940324764286,0.0
59120.81786445359,-0.7151602326988732,0.0
59120.824808992606,0.15760296773845817,0.0
59120.83175353163,-0.3912719704383324,0.0
59120.83869807053,1.0565815336197133,0.0
59120.845642609434,-1.5096100793689233,0.0
59120.852587148336,1.143488952915744,0.0
59120.85953168712,1.1080368532374103,0.0
59120.86647622591,1.2368228697073795,0.0
59120.8734207647,0.4572483712743798,0.0
59120.88036530337,0.7857087391351558,0.0
59120.88730984204,-0.11182957394039228,0.0
59120.89425438059,-0.32727144594564894,0.0
59120.901198919266,0.18648624711066586,0.0
59120.9081434577,-0.12184495812433604,0.0
59120.915087996254,0.07928810591020186,0.0
59120.92203253469,-0.4064476519562601,0.0
59120.92897707301,0.18371245610187897,0.0
59120.935921611446,1.3507250158010515,0.0
59120.942866149766,-0.3021797024902473,0.0
59120.94981068798,0.16077306576569728,0.0
59120.95675522618,0.3366102272848265,0.0
59120.96369976438,0.7530243542029327,0.0
59120.970644302586,0.9805793983428261,0.0
59120.97758884067,0.24061593619493526,0.0
59120.98453337877,-0.43560140312315754,0.0
59120.99147791674,1.390657341243699,0.0
59120.99842245471,-0.13693360555586787,0.0
59121.00536699268,0.8402500784023155,0.0
59121.01231153053,0.7585312629480119,0.0
59121.01925606839,0.3740834559561792,0.0
59121.026200606124,0.6336022263902372,0.0
59121.033145143985,-0.8582878930063711,0.0
59121.040089681606,0.9349496727722229,0.0
59121.047034219344,0.7939513945899549,0.0
59121.053978756965,0.288920850496747,0.0
59121.060923294586,-0.3096161512394979,0.0
59121.0678678321,1.3691331984042188,0.0
59121.0748123696,0.15701075916493124,0.0
59121.08175690711,-0.3637454369014681,0.0
59121.088701444496,0.2866649737959335,0.0
59121.095645981884,0.2898538234535626,0.0
59121.10259051928,-0.12284785381420193,0.0
59121.10953505655,0.7047265413792356,0.0
59121.116479593824,-0.5747169858489818,0.0
59121.123424131096,1.6939533756382823,0.0
59121.13036866825,0.20062564350286183,0.0
59121.13731320541,0.7371567871548033,0.0
59121.14425774245,0.45505789517415063,0.0
59121.15120227949,0.3364456744236235,0.0
59121.15814681653,-0.2627474263716081,0.0
59121.165091353454,0.7230985829620107,0.0
59121.17203589038,-0.5500742852173495,0.0
59121.17898042731,-0.34481218209562736,0.0
59121.18592496411,0.7570883982888076,0.0
59121.19286950092,0.8384350529106855,0.0
59121.199814037725,0.25810998197298207,0.0
59121.206758574415,-0.2773121777061648,0.0
59121.213703111105,1.268999381704535,0.0
59121.220647647686,-0.7472507552216952,0.0
59121.227592184376,-0.20810810759716503,0.0
59121.23453672083,0.10524747872939222,0.0
59121.241481257406,0.7660733504790893,0.0
59121.24842579386,0.9970911973350836,0.0
59121.25537033033,0.6843555975993395,0.0
59121.26231486667,0.656483414991748,0.0
59121.26925940301,-0.31329512249254543,0.0
59121.27620393935,0.7726600945757032,0.0
59121.28314847557,-1.2070447093896983,0.0
59121.2900930118,-1.0162110388925822,0.0
59121.29703754791,0.12333595984756673,0.0
59121.30398208414,-0.7787350887754971,0.0
59121.310926620245,1.0634438761636609,0.0
59121.317871156236,0.7732184626281692,0.0
59121.32481569223,0.9785188509051767,0.0
59121.33176022822,1.7297153718695992,0.0
59121.3387047641,0.8791515589202289,0.0
59121.34564930009,-0.43367412574424713,0.0
59121.35259383585,1.1085861698276278,0.0
59121.359538371726,0.8711863524739817,0.0
59121.366482907484,2.121759285099365,0.0
59121.37342744313,0.6073951935414662,0.0
59121.38037197889,0.19820009102112346,0.0
59121.387316514534,0.2187977257002801,0.0
59121.39426105006,-0.42586757696666666,0.0
59121.401205585586,0.5260215951272849,0.0
59121.40815012111,1.4884782913862291,0.0
59121.415094656644,0.7648890397102442,0.0
59121.42203919205,-0.12067586397441521,0.0
59121.42898372746,0.08685065004463377,0.0
59121.435928262756,-0.8531624769814046,0.0
59121.44287279805,1.1449231392932764,0.0
59121.44981733334,-1.529656779064752,0.0
59121.45676186864,-0.06523686213186053,0.0
59121.46370640382,0.11746233761565383,0.0
59121.47065093888,1.824658811525036,0.0
59121.477595474054,0.4277992083550962,0.0
59121.484540009114,0.49667584660684005,0.0
59121.491484544065,0.4906055686829064,0.0
59121.498429079125,0.8477626251930154,0.0
59121.50537361407,0.3231192763459054,0.0
59121.512318148896,-0.2558389429954746,0.0
59121.51926268372,0.11965401749819793,0.0
59121.52620721855,0.13876584500340972,0.0
59121.53315175338,0.6844405941175428,0.0
59121.540096288096,-0.33617331079240287,0.0
59121.54704082281,1.9969947075456085,0.0
59121.5539853574,0.047712136843465314,0.0
59121.560929891995,-0.06453797974851772,0.0
59121.56787442659,2.093374054120469,0.0
59121.57481896119,0.8424172699627734,0.0
59121.58176349567,0.20166665660320016,0.0
59121.58870803003,0.9279321786976691,0.0
59121.59565256451,-0.5129329589590313,0.0
59121.60259709888,1.0877721439442627,0.0
59121.60954163312,0.5536709750347126,0.0
59121.616486167484,0.06947705401276338,0.0
59121.62343070173,1.2183122307970164,0.0
59121.63037523586,-1.1124459186024183,0.0
59121.63731976999,0.4966873698023291,0.0
59121.64426430412,0.055740042586016836,0.0
59121.65120883825,0.21816021537787722,0.0
59121.658153372264,0.4256693210089917,0.0
59121.665097906276,1.429411535676559,0.0
59121.67204244017,-1.1807453115170796,0.0
59121.67898697419,0.7368832442328648,0.0
59121.68593150797,-0.5338109475997387,0.0
59121.69287604187,-0.016201458898288723,0.0
59121.699820575646,0.20873033189805223,0.0
59121.706765109426,-0.1604866437218757,0.0
59121.71370964309,0.5477043220364521,0.0
59121.72065417675,0.06289545015415732,0.0
59121.72759871042,-0.35236568918570077,0.0
59121.73454324397,0.5513636324814473,0.0
59121.741487777515,0.5461148786939167,0.0
59121.74843231106,-1.1550685260014546,0.0
59121.75537684449,0.14424837617150166,0.0
59121.76232137793,-0.38613388636600077,0.0
59121.76926591136,0.5250092354865722,0.0
59121.776210444674,-0.534628316829602,0.0
59121.78315497799,-0.2496137291066891,0.0
59121.790099511185,0.023256626549015946,0.0
59121.79704404438,0.6942433131634839,0.0
59121.80398857759,-0.04886014713839759,0.0
59121.810933110784,-0.6969459956629785,0.0
59121.817877643865,0.4973940801080473,0.0
59121.824822176946,0.8815481952397397,0.0
59121.83176670991,-0.7775408348266428,0.0
59121.838711242875,1.0563649709935743,0.0
59121.84565577585,0.05151404110900515,0.0
59121.852600308695,1.0144374939576597,0.0
59121.85954484166,0.050354218555951014,0.0
59121.86648937439,0.7347700379470197,0.0
59121.87343390724,0.1343012347709922,0.0
59121.88037843998,0.3299152263738687,0.0
59121.887322972594,0.15982093577382572,0.0
59121.894267505326,-0.203010428799007,0.0
59121.90121203794,-1.0131297636370733,0.0
59121.90815657044,-0.6849425354650669,0.0
59121.91510110306,-0.39414304676112977,0.0
59121.922045635445,1.426360273272781,0.0
59121.928990167944,0.20944459983075525,0.0
59121.93593470033,0.4660165142010695,0.0
59121.94287923271,-1.0276774233473929,0.0
59121.9498237651,0.08643449017502136,0.0
59121.956768297365,-0.6260905200002027,0.0
59121.96371282963,-0.0716222220471252,0.0
59121.97065736178,-0.6568438960836739,0.0
59121.97760189405,2.073511413182179,0.0
59121.98454642608,0.30321782213406734,0.0
59121.99149095824,0.7313902981042462,0.0
59121.99843549027,1.2468551492543134,0.0
59122.0053800223,-0.06773943400184013,0.0
59122.01232455422,0.10123894285064772,0.0
59122.01926908614,0.18156533978913558,0.0
59122.02621361805,-0.9246042716801861,0.0
59122.06093627695,-1.6473307448084977,0.0
59122.06788080852,0.6732385975020209,0.0
59122.074825340205,0.9586980412557647,0.0
59122.08176987177,-0.9959768231223638,0.0
59122.088714403224,1.0360306496663099,0.0
59122.095658934675,0.4854001481318042,0.0
59122.10260346613,-0.6688312378873318,0.0
59122.109547997585,0.9255669898807566,0.0
59122.11649252892,0.5775587752750124,0.0
59122.123437060254,0.38860169828281343,0.0
59122.13038159159,-0.4787822828316577,0.0
59122.137326122815,0.5463398731057079,0.0
59122.14427065403,0.6152965954265418,0.0
59122.151215185135,0.710804281537611,0.0
59122.15815971635,0.2560777383319045,0.0
59122.16510424734,-0.05992890099938042,0.0
59122.17204877844,0.5679373356485421,0.0
59122.178993309426,0.24395172880675697,0.0
59122.18593784042,1.0316022830284328,0.0
59122.19288237129,-0.202894657880478,0.0
59122.19982690227,1.3470496231167686,0.0
59122.206771433026,0.8152110599945941,0.0
59122.213715963895,0.9626148266798467,0.0
59122.220660494655,1.2495183447521003,0.0
59122.22760504357,1.2023181197208448,0.0
59122.234549574205,0.8050226749788267,0.0
59122.24149410484,-0.44593805419560684,0.0
59122.24843863548,-1.4211120889983775,0.0
59122.255383166004,0.5672942306540583,0.0
59122.262327696524,0.991945149813125,0.0
59122.269272227044,0.4311168418291895,0.0
59122.27621675745,0.1829558743705737,0.0
59122.28316128785,0.5081638484726952,0.0
59122.290105818254,-0.2946992674574149,0.0
59122.29705034855,0.11255809985136511,0.0
59122.303994878836,0.727478027840442,0.0
59122.31093940912,-0.015278606598959077,0.0
59122.31788393929,-0.16890186753639136,0.0
59122.324828469464,-0.01311311925762837,0.0
59122.331772999634,1.7255829584485134,0.0
59122.338717529696,0.5227940245435642,0.0
59122.34566205975,-1.0267537914961338,0.0
59122.352606589804,1.1237200156146012,0.0
59122.35955111974,-0.5930977879317308,0.0
59122.36649564968,0.48606096562821444,0.0
59122.37344017951,1.1889684490610346,0.0
59122.380384709446,-0.6099129581152954,0.0
59122.38732923927,-0.1133135218395549,0.0
59122.39427376897,1.5591876618051814,0.0
59122.40121829868,-0.6976622398590959,0.0
59122.40816282839,-0.567369016553901,0.0
59122.415107358094,-0.4160841495408244,0.0
59122.42205188768,-0.5621192801439385,0.0
59122.42899641727,0.5242988569036076,0.0
59122.43594094674,0.22397174076305404,0.0
59122.44288547622,0.3546043063945026,0.0
59122.449830005695,1.5268944232136568,0.0
59122.45677453517,0.8264539604505226,0.0
59122.46371906452,0.014701184391148647,0.0
59122.47066359388,-0.6782144150860756,0.0
59122.47760812312,0.7871751603588584,0.0
59122.484552652364,1.4537714053201718,0.0
59122.4914971816,-0.14597235171921774,0.0
59122.498441710726,0.501040009858991,0.0
59122.505386239965,0.35976322994815035,0.0
59122.51233076897,0.7087097173678663,0.0
59122.5192752981,-0.40423317135119485,0.0
59122.52621982711,0.5557220340006296,0.0
59122.533164356115,0.5924197208578195,0.0
59122.540108885005,-0.14533045563219027,0.0
59122.547053413895,0.3073248592849813,0.0
59122.553997942785,-0.05639968405963558,0.0
59122.560942471566,-0.19276557348553847,0.0
59122.56788700034,-0.29367989594107335,0.0
59122.57483152911,1.1271651500557747,0.0
59122.58177605777,0.6672522789420519,0.0
59122.58872058643,2.757036027601112,0.0
59122.59566511509,0.8765240437330384,0.0
59122.60260964363,-0.6089777340192843,0.0
59122.60955417217,0.3803122655389872,0.0
59122.616498700714,0.5318570640757873,0.0
59122.62344322914,0.12160795261066348,0.0
59122.63038775756,-0.9336836138308898,0.0
59122.637332285994,1.0328871986809989,0.0
59122.6442768143,0.3238848361280514,0.0
59122.65122134261,0.667353731903066,0.0
59122.65816587092,0.5150308982913593,0.0
59122.66511039911,-0.1120985564708259,0.0
59122.67205492731,0.4368018233275437,0.0
59122.6789994555,0.09145297545693343,0.0
59122.685943983575,0.14012508558298653,0.0
59122.69288851165,0.18467447061190612,0.0
59122.699833039725,-0.3111108132595556,0.0
59122.70677756769,-0.23971453591389835,0.0
59122.71372209565,-1.0038307956226142,0.0
59122.72066662349,1.6262815098652632,0.0
59122.72761115145,0.9015285827267485,0.0
59122.73455567929,-0.19691180327784785,0.0
59122.74150020702,0.5461193609564594,0.0
59122.74844473475,0.4294935902707887,0.0
59122.75538926248,-0.8739605873791774,0.0
59122.762333790204,0.06159941484683262,0.0
59122.76927831781,1.1192875515926244,0.0
59122.77622284542,0.012549207494148118,0.0
59122.78316737304,-0.5604702720076042,0.0
59122.79011190053,0.20649496448678462,0.0
59122.797056428026,-0.0074770132181483095,0.0
59122.8040009554,0.9305489845360713,0.0
59122.81094548278,-0.44684865836670884,0.0
59122.81789001016,1.152526124227681,0.0
59122.82483453754,0.4399074867854448,0.0
59122.8317790648,0.5682997183338996,0.0
59122.83872359206,-0.08941978107835868,0.0
59122.845668119204,0.33806744353529483,0.0
59122.85261264647,0.7076792889907928,0.0
59122.8595571735,0.011615709353297143,0.0
59122.86650170064,1.5343567073786977,0.0
59122.87344622767,0.023730980014651903,0.0
59122.8803907547,0.6479420133994216,0.0
59122.887335281725,1.295207876063549,0.0
59122.89427980864,0.23399302300202574,0.0
59122.901224335554,0.49009298387075684,0.0
59122.90816886235,1.5063003487126512,0.0
59122.91511338914,0.27297899254454683,0.0
59122.92205791594,0.3259950500334565,0.0
59122.92900244273,0.160798796327288,0.0
59122.93594696942,0.7016966951113925,0.0
59122.942891496095,0.9703329016415292,0.0
59122.94983602266,0.494944774674992,0.0
59122.95678054922,0.3459478274745116,0.0
59122.96372507578,1.030288634377032,0.0
59122.97066960223,0.49334294804133183,0.0
59122.977614128795,1.6000578404323162,0.0
59122.984558655124,-0.3712419634216346,0.0
59122.99150318157,-0.33417026957831564,0.0
59122.9984477079,0.05993744284690128,0.0
59123.005392234234,-0.8923409275780079,0.0
59123.01233676045,0.2892627325716681,0.0
59123.01928128666,0.6720170221777679,0.0
59123.02622581287,-0.504230245271284,0.0
59123.033170339084,-0.4959235427588915,0.0
59123.04011486519,0.6219336328222868,0.0
59123.04705939128,-0.758498974423564,0.0
59123.05400391726,0.4588856240178443,0.0
59123.06094844324,1.000971832858365,0.0
59123.06789296922,-0.02887782248891424,0.0
59123.07483749521,0.7397392545943484,0.0
59123.08178202107,0.2456217201403048,0.0
59123.088726546936,1.0633256711334402,0.0
59123.09567107268,-0.3172443702500809,0.0
59123.10261559843,0.136115854941115,0.0
59123.109560124176,0.21895538595765784,0.0
59123.11650464981,-0.19200420764569215,0.0
59123.123449175444,-0.2800701465988523,0.0
59123.130393701074,-1.5237938033215446,0.0
59123.137338226705,0.3268963746478617,0.0
59123.144282752226,0.19334429968683475,0.0
59123.15122727773,0.5795938341024773,0.0
59123.15817180314,-1.8234873695289755,0.0
59123.165116328535,-0.568833497535199,0.0
59123.17206085393,-0.4028139089745837,0.0
59123.17900537933,-0.07590933816537704,0.0
59123.18594990461,1.2628955935044206,0.0
59123.19289442978,-0.34596022020957995,0.0
59123.199838955064,0.0018921461502801051,0.0
59123.20678348023,-0.15839055746413744,0.0
59123.213728005394,-0.4999510305023189,0.0
59123.22067253044,2.5995042116866762,0.0
59123.2276170555,-0.05470989318952868,0.0
59123.234561580546,0.5020796574271751,0.0
59123.241506105594,-0.3473957391107396,0.0
59123.248450630526,0.5857882218453989,0.0
59123.25539515546,-0.26548401178847225,0.0
59123.26233968028,-0.05440216151017707,0.0
59123.2692842051,0.14755520182199766,0.0
59123.27622872991,-0.19902027725525784,0.0
59123.28317325461,-0.07465161435888579,0.0
59123.29011777943,-1.2721013281384996,0.0
59123.29706230402,-0.012062797199626774,0.0
59123.304006828716,-0.031082625358488825,0.0
59123.3109513533,-0.15035185533598638,0.0
59123.31789587788,1.5712567658450984,0.0
59123.32484040235,0.43421316678790867,0.0
59123.33178492681,-0.3857072488923311,0.0
59123.33872945129,-0.22234530135082875,0.0
59123.34567397575,0.6926589320689747,0.0
59123.3526185001,0.4377339076555422,0.0
59123.35956302445,-0.009737548597495205,0.0
59123.36650754869,-0.1957255283164916,0.0
59123.37345207293,-0.11822154240916061,0.0
59123.38039659716,0.024093887153326388,0.0
59123.38734112139,0.5441043672211296,0.0
59123.39428564551,0.009013350910962337,0.0
59123.40123016963,-0.5130544691607559,0.0
59123.40817469363,0.5664156608688415,0.0
59123.415119217636,1.5735977508182262,0.0
59123.42206374164,-0.3792738914942446,0.0
59123.42900826564,0.35410693892221246,0.0
59123.43595278952,0.957069115649676,0.0
59123.44289731341,-0.3198547357743764,0.0
59123.44984183718,-0.06318106904259224,0.0
59123.45678636095,0.9745393982990568,0.0
59123.463730884716,0.7877953090977743,0.0
59123.470675408484,-1.1140983628180297,0.0
59123.477619932135,1.026968844791725,0.0
59123.48456445579,0.4520983379627228,0.0
59123.49150897933,0.8991450855879253,0.0
59123.49845350298,-0.06656925280589032,0.0
59123.505398026515,0.2319482541635136,0.0
59123.51234254993,-0.890215441126629,0.0
59123.51928707336,0.5584259897735298,0.0
59123.52623159678,0.36393306993317975,0.0
59123.533176120196,0.20580445115465917,0.0
59123.5401206435,-0.30511178327207267,0.0
59123.5470651668,-0.27423036597199957,0.0
59123.55400968999,-0.07725309720297946,0.0
59123.560954213295,-0.29308404432485125,0.0
59123.56789873648,-0.28849150620109876,0.0
59123.57484325955,0.4304838197285221,0.0
59123.58178778262,0.5552560960159996,0.0
59123.588732305696,0.32656697837658344,0.0
59123.595676828765,0.637217122959278,0.0
59123.60262135172,0.2260031764706898,0.0
59123.60956587467,-0.5015747626431621,0.0
59123.616510397624,-0.05580115957903131,0.0
59123.62345492046,0.40865827234710006,0.0
59123.630399443304,0.6093667016094373,0.0
59123.637343966024,-0.1267945565261952,0.0
59123.64428848886,0.33666629857739294,0.0
59123.65123301158,0.05764043583770606,0.0
59123.658177534184,-0.42308386961199096,0.0
59123.66512205691,0.617544751918826,0.0
59123.672066579515,1.2544934677395316,0.0
59123.679011102,0.23352255316396597,0.0
59123.685955624605,-0.06545534482215687,0.0
59123.69290014709,1.2762683191939934,0.0
59123.69984466947,0.2146243887267909,0.0
59123.70678919184,0.9607051097928347,0.0
59123.71373371421,0.6495914575410242,0.0
59123.72067823658,0.30787181706673183,0.0
59123.72762275884,0.3104726422550418,0.0
59123.73456728121,0.13776577574981408,0.0
59123.74151180335,-1.0323911046280712,0.0
59123.74845632561,0.35974472820270753,0.0
59123.755400847745,1.061675811131003,0.0
59123.76234536977,0.28754839374292596,0.0
59123.769289891905,1.1507624576886788,0.0
59123.776234413934,0.7577105576600355,0.0
59123.78317893584,1.3664636781245023,0.0
59123.79012345786,1.5805541798191183,0.0
59123.797067979765,-0.9396183344201181,0.0
59123.80401250167,0.33035837696021897,0.0
59123.81095702347,0.5344134274068983,0.0
59123.817901545255,-0.015353744655927093,0.0
59123.824846067044,-0.6792249162372139,0.0
59123.831790588716,-0.19856281623669303,0.0
59123.83873511039,1.3583732267753768,0.0
59123.84567963207,-0.476579488073267,0.0
59123.85262415374,0.3214294591598865,0.0
59123.859568675296,-0.5500561833305042,0.0
59123.86651319685,0.5618764367857572,0.0
59123.87345771829,-0.18529093212582026,0.0
59123.88040223974,-0.4076786391223981,0.0
59123.88734676118,1.088768541245075,0.0
59123.8942912825,0.8426214938910794,0.0
59123.90123580394,0.5174628229517384,0.0
59123.90818032515,2.56127534735553,0.0
59123.91512484648,0.5281686745386074,0.0
59123.92206936768,0.4619911595776851,0.0
59123.92901388889,0.6799076492292675,0.0
59123.93595840998,0.9237116929508271,0.0
59123.94290293119,0.8399048552801518,0.0
59123.949847452284,0.21040542565520703,0.0
59123.95679197326,-0.06081028510430331,0.0
59123.96373649423,-0.362552858973608,0.0
59123.970681015206,0.5049578431827402,0.0
59123.97762553618,0.2481731594398371,0.0
59123.98457005704,-0.3321610821429868,0.0
59123.991514577894,0.013318110141798956,0.0
59123.99845909876,0.8769260848092997,0.0
59124.0054036195,-1.7126477016130992,0.0
59124.01234814024,0.8529765831806158,0.0
59124.01929266087,0.5460198139311122,0.0
59124.026237181606,0.05805003152656929,0.0
59124.03318170224,0.7332596051673148,0.0
59124.040126222746,0.15527375864105508,0.0
59124.04707074337,-0.00942243990975733,0.0
59124.05401526388,-1.3529337242851056,0.0
59124.06095978427,1.336189463469274,0.0
59124.067904304786,1.1843917411267095,0.0
59124.07484882518,-0.4984494138668736,0.0
59124.08179334545,0.4989555384120241,0.0
59124.088737865844,-0.009967311976498472,0.0
59124.09568238612,0.9822114988116772,0.0
59124.102626906286,1.7270727986038692,0.0
59124.10957142656,0.3640769101442278,0.0
59124.11651594672,0.05463831457580337,0.0
59124.12346046688,0.4897274569090464,0.0
59124.13040498692,0.7562571274134782,0.0
59124.13734950697,-0.6486704974431938,0.0
59124.14429402701,-1.3678934443108897,0.0
59124.15123854694,-0.0004430613812063111,0.0
59124.15818306698,0.7627092162499378,0.0
59124.16512758679,-0.36795100626427746,0.0
59124.172072106725,0.6627665756726764,0.0
59124.179016626535,-0.8431226002050831,0.0
59124.185961146344,0.8223864469587254,0.0
59124.19290566604,-0.11364718864056966,0.0
59124.19985018585,0.01709267142708959,0.0
59124.20679470543,0.5269044775242022,0.0
59124.213739225124,1.2625945565153551,0.0
59124.2206837447,1.4665166875452962,0.0
59124.22762826428,1.351663068514256,0.0
59124.234572783855,0.21102958866416177,0.0
59124.24151730332,0.18003204344053536,0.0
59124.24846182278,-0.5496280012359831,0.0
59124.25540634213,0.47671145023381833,0.0
59124.26235086159,0.9222498500004612,0.0
59124.26929538093,-0.6697566509982495,0.0
59124.276239900166,1.2060883483339262,0.0
59124.28318441951,1.2996533815320888,0.0
59124.29012893874,-0.6923799144668898,0.0
59124.29707345785,0.6570775001762998,0.0
59124.304017977076,1.0805257118226983,0.0
59124.310962496194,-0.5569314204755764,0.0
59124.31790701519,1.197921801218868,0.0
59124.3248515343,-0.2996690451338544,0.0
59124.331796053295,0.0915770229265549,0.0
59124.33874057229,0.21204582249548642,0.0
59124.345685091175,-0.04544424272108505,0.0
59124.35262961005,1.1113252323312133,0.0
59124.35957412893,0.5345162235336214,0.0
59124.366518647694,0.08691386441192694,0.0
59124.373463166456,-0.5966193075328274,0.0
59124.380407685225,0.01599395911463275,0.0
59124.38735220399,-0.5963497754474867,0.0
59124.39429672263,2.0148276493868833,0.0
59124.40124124128,0.31207867780471354,0.0
59124.40818575981,0.09603084613445212,0.0
59124.41513027834,1.084855763358965,0.0
59124.42207479687,0.6707262622825148,0.0
59124.4290193154,-0.08668624769697608,0.0
59124.435963833814,0.9780348796082714,0.0
59124.44290835223,0.026240231462344,0.0
59124.449852870646,-0.8627961212393653,0.0
59124.45679738894,-0.20749974495559975,0.0
59124.46374190724,0.4846934400750704,0.0
59124.47068642542,0.553081898648037,0.0
59124.477630943715,0.6760687805283343,0.0
59124.484575461895,-0.20189247675432664,0.0
59124.49151997996,1.866045557188543,0.0
59124.498464498145,-0.5344704894861649,0.0
59124.50540901621,-0.3232936459363751,0.0
59124.51235353427,0.36819022743955343,0.0
59124.51929805222,0.4114825221123217,0.0
59124.52624257017,-0.11084540302651935,0.0
59124.53318708812,0.4605677559455128,0.0
59124.54013160595,0.7455789672961588,0.0
59124.54707612378,0.6319286082221824,0.0
59124.55402064162,0.9586980299693504,0.0
59124.56096515945,-0.6004742423913256,0.0
59124.567909677164,-0.7674686124085448,0.0
59124.57485419488,0.9508706841303303,0.0
59124.581798712476,0.20521994212705597,0.0
59124.58874323007,0.5544985746465902,0.0
59124.59568774767,-0.14573216463969252,0.0
59124.602632265276,-0.40873723422740804,0.0
59124.60957678276,0.916170614394024,0.0
59124.61652130024,1.0854546705685961,0.0
59124.62346581772,-0.14741353399775603,0.0
59124.630410335085,0.18225199616471244,0.0
59124.63735485246,0.3473083335106142,0.0
59124.644299369706,-0.8129603185193746,0.0
59124.65124388707,1.536733739623658,0.0
59124.65818840432,0.2525005466633341,0.0
59124.66513292157,0.1885906215626043,0.0
59124.67207743871,-1.0279373815350865,0.0
59124.67902195584,0.15916635467563323,0.0
59124.68596647297,0.8188183755005927,0.0
59124.69291098999,0.5953436506369041,0.0
59124.699855507,-0.5261731437740442,0.0
59124.706800024025,0.12009603296366111,0.0
59124.71374454104,-1.0941255829585859,0.0
59124.72068905794,-0.030882332466826146,0.0
59124.72763357484,0.4671317049742625,0.0
59124.73457809163,1.153258914637559,0.0
59124.74152260841,0.017558692583077296,0.0
59124.748467125195,0.5061880375815122,0.0
59124.75541164198,-0.0883338935536544,0.0
59124.762356158644,-0.25404502012476216,0.0
59124.76930067531,-0.02243354683432952,0.0
59124.776245191984,-1.072564877364607,0.0
59124.783189708534,0.18975999648619313,0.0
59124.790134225084,0.5483714535459809,0.0
59124.797078741634,-0.3826603459441267,0.0
59124.80402325807,-1.480631255441387,0.0
59124.81096777451,-0.26957936508910807,0.0
59124.81791229094,-0.38640809174108215,0.0
59124.82485680726,0.5316874357142531,0.0
59124.83180132358,-0.2582906102206448,0.0
59124.838745839894,-0.24736462704675644,0.0
59124.84569035622,0.24141464771986332,0.0
59124.85263487242,-0.11102854762452341,0.0
59124.85957938862,0.7726215580318412,0.0
59124.866523904704,0.8918503257302419,0.0
59124.87346842079,0.10530285636484349,0.0
59124.88041293688,0.4631085868595348,0.0
59124.887357452964,-0.5191999554397051,0.0
59124.89430196893,-0.43063387668601383,0.0
59124.9012464849,-0.5321234056583435,0.0
59124.90819100087,-1.4760954190721751,0.0
59124.91513551673,-0.2782727769300781,0.0
59124.92208003258,0.3777368558744627,0.0
59124.92902454843,1.3288617818417523,0.0
59124.935969064165,-1.2019710189116612,0.0
59124.9429135799,-0.6476024810664882,0.0
59124.94985809564,-0.4956389356236466,0.0
59124.95680261138,0.7945003657524476,0.0
59124.963747126996,0.2736586023912786,0.0
59124.970691642615,4.236441917263391,0.0
59124.97763615812,0.9021675563026168,0.0
59124.98458067363,-0.1274446343583806,0.0
59124.99152518913,-0.2211205733618391,0.0
59124.99846970463,-0.04246279329376135,0.0
59125.00541422002,0.2572997692697774,0.0
59125.0123587354,0.17172005178922634,0.0
59125.019303250796,-0.7010380782905883,0.0
59125.026247766065,0.9555450874469271,0.0
59125.033192281335,-0.009405362819546514,0.0
59125.040136796604,-0.5628653913674879,0.0
59125.04708131176,0.5220147502045924,0.0
59125.05402582692,0.7441903945244057,0.0
59125.06097034207,0.8897863407068967,0.0
59125.06791485711,0.5629957085275972,0.0
59125.07485937226,-0.6234545678342969,0.0
59125.08180388718,-0.6477741992353969,0.0
59125.088748402224,0.455591308905708,0.0
59125.095692917144,0.7239703954424852,0.0
59125.102637432065,1.310317645186822,0.0
59125.109581946985,0.28817514012687084,0.0
59125.11652646179,-0.3239908894412873,0.0
59125.1234709766,0.04587663539045206,0.0
59125.1304154914,0.7980286187474541,0.0
59125.13736000609,-0.08923426222446884,0.0
59125.14430452078,-1.1506264906293042,0.0
59125.151249035465,-0.048645175031706955,0.0
59125.15819355004,1.665787623975815,0.0
59125.165138064614,0.7682080332383767,0.0
59125.172082579185,0.514953391604067,0.0
59125.179027093756,-0.5549283662727325,0.0
59125.18597160821,0.321047400175946,0.0
59125.19291612267,0.354533448651001,0.0
59125.19986063701,0.34055055278740576,0.0
59125.206805151465,0.17543207876849842,0.0
59125.2137496658,0.03126078829359802,0.0
59125.220694180025,0.6796403419611821,0.0
59125.22763869437,0.13103273231964185,0.0
59125.23458320859,0.826070439996961,0.0
59125.2415277227,1.208151071709905,0.0
59125.24847223692,-0.33954145105405864,0.0
59125.255416751024,0.8398513979021738,0.0
59125.26236126514,0.26987045903222007,0.0
59125.269305779126,0.5429415692877524,0.0
59125.276250293115,0.42262502383107403,0.0
59125.2831948071,-0.9146906933402978,0.0
59125.29013932109,0.0942109949702421,0.0
59125.29708383497,0.6390097196589339,0.0
59125.304028348844,0.4260958530974528,0.0
59125.31097286272,1.124773643396689,0.0
59125.31791737647,-0.3541994824818775,0.0
59125.32486189023,0.3224782077012307,0.0
59125.33180640399,-0.6247018769565149,0.0
59125.33875091775,0.6624270383188207,0.0
59125.34569543139,0.21558316625188745,0.0
59125.35263994503,-0.09576414096309671,0.0
59125.35958445855,1.3030512449944918,0.0
59125.36652897208,0.6959400642145126,0.0
59125.373473485604,-0.917173942260995,0.0
59125.38041799913,1.2927565996597377,0.0
59125.387362512534,0.9748651819206104,0.0
59125.39430702594,-0.14846173618797653,0.0
59125.401251539355,0.25018351145728346,0.0
59125.408196052646,0.11003539450378774,0.0
59125.415140565936,-0.416835962410083,0.0
59125.422085079226,-0.4069999944543232,0.0
59125.42902959252,-0.8090222283685806,0.0
59125.4359741057,-1.0893780612785857,0.0
59125.44291861887,-0.08566830161935979,0.0
59125.44986313193,0.450149731883708,0.0
59125.4568076451,-0.21042629836451887,0.0
59125.46375215816,-0.35608595141366095,0.0
59125.47069667111,-0.8486730720170828,0.0
59125.47764118417,1.0874793310778337,0.0
59125.48458569711,1.6335188219387877,0.0
59125.49153021005,0.617332910802963,0.0
59125.498474722874,-0.3913903351426278,0.0
59125.505419235706,1.124396377401891,0.0
59125.51236374853,-0.6122312860217027,0.0
59125.519308261355,-0.8756396898318508,0.0
59125.52625277406,-0.3352630817472564,0.0
59125.53319728677,-0.6520972495275732,0.0
59125.54014179949,0.4585673677442639,0.0
59125.54708631208,-0.06269651256832987,0.0
59125.55403082467,-0.715334844078483,0.0
59125.56097533726,-0.2034348467956164,0.0
59125.567919849855,-0.9387912726084338,0.0
59125.57486436234,0.325529018295982,0.0
59125.58180887481,0.7662317223968689,0.0
59125.58875338717,0.2915950343808458,0.0
59125.59569789965,0.4034610670184886,0.0
59125.60264241201,0.18495238586634422,0.0
59125.609586924256,-0.7156692414461521,0.0
59125.616531436615,-0.7808461494990944,0.0
59125.62347594886,-0.3712595957484375,0.0
59125.6304204611,-0.2402755736543991,0.0
59125.63736497323,0.6762074378548704,0.0
59125.64430948548,0.7480994001599157,0.0
59125.6512539976,-0.34804840286647476,0.0
59125.65819850961,-0.4086589603581938,0.0
59125.66514302174,-0.21188442991990541,0.0
59125.67208753375,-0.22835108134738924,0.0
59125.67903204565,0.9230735853926131,0.0
59125.68597655766,0.6917062086431258,0.0
59125.69292106955,-0.37161600576058795,0.0
59125.699865581446,0.27982395120577586,0.0
59125.70681009334,-0.7527428681847006,0.0
59125.71375460512,1.6952888662042973,0.0
59125.7206991169,0.21758159410439326,0.0
59125.72764362868,0.22403760882617618,0.0
59125.73458814034,-1.131667766726368,0.0
59125.741532652,0.5188102575907276,0.0
59125.74847716367,-0.29416416767293185,0.0
59125.75542167521,0.23439562370353428,0.0
59125.76236618687,-0.2901715889694376,0.0
59125.769310698415,0.5473885837531309,0.0
59125.77625520984,-0.08680368183439491,0.0
59125.783199721394,1.279772429142005,0.0
59125.79014423282,0.8246621413809336,0.0
59125.79708874425,1.0176047788640563,0.0
59125.80403325556,-0.35018852917561816,0.0
59125.81097776688,-0.33870127010283646,0.0
59125.81792227819,-0.584753972139767,0.0
59125.8248667895,1.2475890358508277,0.0
59125.8318113007,0.5134348492344536,0.0
59125.83875581189,0.051097374433233256,0.0
59125.84570032309,0.25653795181133,0.0
59125.85264483429,0.49596209105725997,0.0
59125.85958934537,-2.1603813922805806,0.0
59125.866533856446,0.44070358758793127,0.0
59125.873478367525,0.5013673159176939,0.0
59125.88042287849,-0.38821762370985624,0.0
59125.887367389456,0.1296220796377554,0.0
59125.89431190042,0.6621587613009208,0.0
59125.90125641126,0.3691585127628727,0.0
59125.90820092211,0.14194445755568807,0.0
59125.915145432955,0.31375275759743815,0.0
59125.92208994381,-1.2173636696112773,0.0
59125.92903445454,1.614813608160869,0.0
59125.935978965266,1.1761040558910771,0.0
59125.942923475995,-1.420046051827974,0.0
59125.949867986725,-0.32031408573317677,0.0
59125.956812497345,0.08785915516920895,0.0
59125.96375700796,-1.2570574249659217,0.0
59125.97070151857,1.0439984096397943,0.0
59125.97764602907,-0.19574580892507498,0.0
59125.98459053957,-0.09564373052844743,0.0
59125.99153505007,0.20808580221998696,0.0
59125.99847956056,1.1318698803240252,0.0
59126.00542407094,-0.653163402262571,0.0
59126.01236858132,0.23941985074898042,0.0
59126.01931309171,0.7897733533397968,0.0
59126.026257601974,-0.009476377250649648,0.0
59126.03320211224,1.5637349896930495,0.0
59126.0401466225,-0.4063172275486764,0.0
59126.047091132765,0.4195349394180674,0.0
59126.05403564291,0.06756783789749221,0.0
59126.060980153066,-1.8740456182200589,0.0
59126.06792466321,0.1371139030419002,0.0
59126.074869173244,0.01466475271491774,0.0
59126.08181368339,0.2514457145283302,0.0
59126.08875819342,0.10669126433663578,0.0
59126.095702703344,-0.12240097604652078,0.0
59126.102647213374,0.35610034714329686,0.0
59126.10959172329,-0.7074358554644036,0.0
59126.1165362332,-1.0509363276358918,0.0
59126.123480743,-0.7706313313082056,0.0
59126.13042525292,0.5047372459431081,0.0
59126.13736976272,-0.37908018634735896,0.0
59126.1443142724,-0.5239716999054771,0.0
59126.1512587822,1.209236063386271,0.0
59126.15820329189,0.5435858382644803,0.0
59126.16514780157,-2.1317667010197496,0.0
59126.17209231125,-0.268927161862905,0.0
59126.17903682082,1.0723219858260435,0.0
59126.18598133039,0.06991557716054331,0.0
59126.192925839954,0.6545115333843512,0.0
59126.19987034952,-1.4398943787635652,0.0
59126.20681485897,0.19227190022324692,0.0
59126.21375936842,-0.36601593235591423,0.0
59126.22070387787,-0.21159234342622568,0.0
59126.22764838732,0.20727720780566727,0.0
59126.23459289665,0.06317688815541089,0.0
59126.241537405986,-1.142295829771932,0.0
59126.24848191532,-0.44175698178363376,0.0
59126.25542642454,-2.1261857222449905,0.0
59126.26237093387,0.15778536669203902,0.0
59126.26931544309,-1.1232662789047154,0.0
59126.27625995219,-1.066227471339161,0.0
59126.283204461404,-0.9044636651477802,0.0
59126.29014897051,0.9647924554004419,0.0
59126.29709347961,0.22740414120087138,0.0
59126.30403798871,-0.3595140084839059,0.0
59126.31098249769,-1.5702067331193135,0.0
59126.317927006676,0.4069941606488996,0.0
59126.324871515666,0.7451796265479516,0.0
59126.33181602465,-0.3416876235231143,0.0
59126.338760533516,1.2941979130890715,0.0
59126.34570504238,-1.2905585947834268,0.0
59126.35264955125,-0.5430463893689108,0.0
59126.35959406012,0.6352179088627565,0.0
59126.36653856887,-1.9128203771389067,0.0
59126.37348307774,-1.691979146041895,0.0
59126.38042758637,-0.31238417377363703,0.0
59126.38737209512,-0.9892031048292864,0.0
59126.394316603764,0.8026361429123128,0.0
59126.401261112514,-0.13238650355654613,0.0
59126.40820562103,-1.2092318297991156,0.0
59126.415150129666,0.3113524605561935,0.0
59126.42209463818,0.6739723131059776,0.0
59126.429039146824,-0.09983244405572123,0.0
59126.435983655225,-1.4213395449880082,0.0
59126.44292816374,-0.7363475496282987,0.0
59126.44987267226,0.24775569411722387,0.0
59126.45681718066,1.1487500138411946,0.0
59126.46376168907,0.8221367576885896,0.0
59126.47070619735,-0.08250039764389783,0.0
59126.477650705754,-1.0694304292021073,0.0
59126.48459521404,-1.218210788158956,0.0
59126.49153972232,-0.28452924064590235,0.0
59126.498484230615,-0.331397130196045,0.0
59126.50542873878,0.9305446814185387,0.0
59126.51237324695,0.5144721073715033,0.0
59126.51931775512,-0.13419860053180344,0.0
59126.526262263294,0.2408739212544262,0.0
59126.533206771346,0.6117508804735365,0.0
59126.540151279514,-0.3635748093257334,0.0
59126.547095787566,-0.01620631346359147,0.0
59126.55404029562,-0.0184764940323916,0.0
59126.56098480356,0.5248564701391487,0.0
59126.56792931161,1.6949235600480392,0.0
59126.57487381955,-0.22683984207237273,0.0
59126.58181832748,-1.1133908753317456,0.0
59126.58876283531,-0.34080459582968103,0.0
59126.595707343244,0.6469756698295868,0.0
59126.60265185106,0.5015153709944045,0.0
59126.60959635888,-0.4023344474821471,0.0
59126.6165408667,0.04976839547705225,0.0
59126.62348537441,-0.8222344614008108,0.0
59126.63042988211,-0.9729853590176987,0.0
59126.637374389815,-1.913381943611924,0.0
59126.64431889752,0.045111817832378165,0.0
59126.65126340522,1.69387752376727,0.0
59126.65820791281,-1.0078419620716659,0.0
59126.6651524204,-0.42374418089632115,0.0
59126.672096927985,-1.2447301941489286,0.0
59126.67904143557,0.5154354829082166,0.0
59126.68598594316,-1.4443829766688765,0.0
59126.69293045063,-1.6060844031515131,0.0
59126.6998749581,-1.1392029744357046,0.0
59126.70681946557,0.9309127514852378,0.0
59126.71376397304,-0.17401813931854804,0.0
59126.720708480396,-0.6072824397274417,0.0
59126.72765298775,-0.20651572640613836,0.0
59126.73459749511,-0.07242999361895386,0.0
59126.74154200246,-0.24809776989636134,0.0
59126.748486509816,0.5454563483665567,0.0
59126.75543101705,0.9581973865488607,0.0
59126.762375524406,-1.0997120094418449,0.0
59126.76932003165,-0.3237588244811036,0.0
59126.77626453877,1.2711396444082794,0.0
59126.78320904601,-0.16136702654651458,0.0
59126.79015355313,0.6495668872804856,0.0
59126.79709806037,-2.2090459901694715,0.0
59126.80404256749,-1.4328632637150065,0.0
59126.810987074496,-0.6513470924287219,0.0
59126.817931581616,-0.25046061776902206,0.0
59126.824876088736,1.003851229294071,0.0
59126.83182059575,-0.6328570183552529,0.0
59126.83876510275,0.2710913284971497,0.0
59126.845709609755,-1.3341692356611219,0.0
59126.85265411664,0.20918164889189939,0.0
59126.85959862365,-2.341502230662684,0.0
59126.86654313054,0.8689632014741875,0.0
59126.87348763743,1.0279876492396909,0.0
59126.88043214432,0.3254552822144632,0.0
59126.887376651204,0.2022561405391201,0.0
59126.894321157975,0.7798660981438985,0.0
59126.90126566487,-0.49007573410403893,0.0
59126.90821017164,-1.1763189199774615,0.0
59126.91515467841,-0.6938031115915493,0.0
59126.92209918518,-0.781105154122173,0.0
59126.92904369184,0.9837432063214351,0.0
59126.93598819862,-1.0809705349156928,0.0
59126.94293270527,0.012172700058656005,0.0
59126.949877211926,0.2999149823865679,0.0
59126.95682171858,-0.18959948419995953,0.0
59126.96376622524,-0.28221148808330554,0.0
59126.9707107319,1.145971080656068,0.0
59126.977655238436,1.9227792911061243,0.0
59126.98459974509,0.7293328163852095,0.0
59126.99154425163,-1.5210537166395994,0.0
59126.998488758174,-0.29639964954863274,0.0
59127.00543326471,-0.4734410382391445,0.0
59127.012377771134,-1.5446005548414092,0.0
59127.01932227767,0.5010137126988923,0.0
59127.026266784094,0.7119339269732876,0.0
59127.03321129052,-1.1957251584669422,0.0
59127.04015579706,0.7675637750363649,0.0
59127.04710030348,0.5995394743132323,0.0
59127.05404480979,0.49702653599757696,0.0
59127.06098931622,0.9913948491111313,0.0
59127.06793382252,-1.5365172644201692,0.0
59127.074878328945,0.300692432258586,0.0
59127.08182283525,1.7367178959898695,0.0
59127.08876734156,0.5092318767927964,0.0
59127.09571184787,-0.10800452490329349,0.0
59127.102656354175,-0.2139973531533883,0.0
59127.10960086048,-1.0919463519919077,0.0
59127.11654536667,-1.633561305275947,0.0
59127.123489872974,-0.37051343354235655,0.0
59127.13043437917,0.406715016985828,0.0
59127.13737888536,1.488086478689553,0.0
59127.14432339155,0.8794183352172524,0.0
59127.15126789774,-0.800535181393542,0.0
59127.15821240393,-0.24126329340327857,0.0
59127.16515691012,-0.31377354074174946,0.0
59127.172101416196,-2.7801997947549353,0.0
59127.179045922385,-0.7149716873805403,0.0
59127.18599042846,-0.35159636515521697,0.0
59127.19293493465,0.4330482628695336,0.0
59127.19987944073,-0.20129986696235846,0.0
59127.2068239468,-1.38399461205222,0.0
59127.21376845287,1.2779957108652127,0.0
59127.220712958944,1.0824525597424781,0.0
59127.22765746491,-1.0068279310839614,0.0
59127.23460197098,-1.1827444828435887,0.0
59127.24154647705,-1.8212273931524692,0.0
59127.24849098301,1.0063061434660199,0.0
59127.25543548908,-0.5619553550463934,0.0
59127.262379995045,0.13125123774688063,0.0
59127.269324501,-0.867063889926527,0.0
59127.276269007074,0.1945294710364749,0.0
59127.28321351303,0.6941810688020666,0.0
59127.29015801899,-0.5296575502660232,0.0
59127.29710252495,0.22585656965904377,0.0
59127.304047030906,0.6324316054464418,0.0
59127.31099153686,1.1375708719448028,0.0
59127.3179360427,-0.40849468215878915,0.0
59127.324880548666,-2.8783542174208776,0.0
59127.33182505462,1.0377940151966527,0.0
59127.33876956058,0.48967145888249775,0.0
59127.34571406642,-0.7529957379985319,0.0
59127.352658572374,-1.161547648069103,0.0
59127.35960307822,1.6444382798015056,0.0
59127.36654758418,-1.4816610799390162,0.0
59127.37349209002,-0.38380084575192086,0.0
59127.38043659586,-1.0431329318368228,0.0
59127.38738110181,-1.1193471839594338,0.0
59127.39432560766,1.6277073176919146,0.0
59127.401270113616,1.611446343826259,0.0
59127.408214619456,-0.21957714851308197,0.0
59127.415159125296,0.5626338878128934,0.0
59127.422103631136,-1.0783058565052954,0.0
59127.4290481371,-0.613067852524523,0.0
59127.43599264294,-1.05895635970802,0.0
59127.44293714878,1.8018107927647407,0.0
59127.44988165462,0.2339010998365154,0.0
59127.456826160575,1.617718836282421,0.0
59127.46377066642,-0.39444523944987964,0.0
59127.47071517226,1.006925381125427,0.0
59127.4776596781,-1.054536750510323,0.0
59127.48460418406,-2.973845717168331,0.0
59127.4915486899,0.7340013759761064,0.0
59127.498493195744,-1.369102584350287,0.0
59127.5054377017,1.0087902549835235,0.0
59127.51238220754,-1.0212484594188709,0.0
59127.5193267135,-0.07694171098404468,0.0
59127.52627121934,1.0304590539321907,0.0
59127.5332157253,0.18868389904724836,0.0
59127.54016023114,-1.7048965889070473,0.0
59127.547104737096,1.569913271646385,0.0
59127.554049242935,2.9860474301980844,0.0
59127.5609937489,-0.17654758193572206,0.0
59127.567938254855,1.4622711627707758,0.0
59127.57488276081,0.03658511742457904,0.0
59127.58182726677,1.3187226147448996,0.0
59127.58877177273,-1.6643038087889295,0.0
59127.59571627869,2.0406694893458166,0.0
59127.60266078464,-3.4329203009345974,0.0
59127.609605290716,-0.8873492236031666,0.0
59127.61654979668,-1.3565816652584886,0.0
59127.62349430275,-0.8083263059913293,0.0
59127.63043880871,2.9969853360546495,0.0
59127.63738331478,3.2279216324324125,0.0
59127.64432782085,0.3499406198666293,0.0
59127.651272326926,2.0479220001901695,0.0
59127.658216833006,-1.8245215559943517,0.0
59127.66516133908,-1.6993840225583767,0.0
59127.67210584527,-2.651449377813492,0.0
59127.67905035134,0.6340624511811939,0.0
59127.68599485754,-0.2455513143677308,0.0
59127.692939363726,-0.048081320503342795,0.0
59127.699883869915,1.8758084239428285,0.0
59127.706828376104,-0.7980245243946911,0.0
59127.7137728823,-2.313832870879139,0.0
59127.720717388605,0.7829061890694788,0.0
59127.72766189491,1.13181471036404,0.0
59127.734606401216,0.42456424854429997,0.0
59127.74155090752,-1.3073415668481516,0.0
59127.748495413834,-1.3270079660141505,0.0
59127.755439920256,-3.0299275451940275,0.0
59127.76238442656,0.930782683022926,0.0
59127.76932893298,-1.00417915390301,0.0
59127.817940478766,-2.2099104610900326,0.0
59127.82488498542,-0.1511829052911935,0.0
59127.831829492075,0.2363779573913689,0.0
59127.83877399885,-0.8332058322127978,0.0
59127.84571850562,0.46719278752965465,0.0
59127.852663012396,-1.384797091950304,0.0
59127.85960751928,-1.859910910191445,0.0
59127.866552026055,-1.9239399088558002,0.0
59127.87349653306,-2.7833198506696704,0.0
59127.880441039946,0.9065004664316803,0.0
59127.88738554696,-1.6528259515329182,0.0
59127.89433005396,-1.181422732704732,0.0
59127.90127456108,-0.2929491862095688,0.0
59127.93599709704,0.023265448914060016,0.0
59127.9429416044,1.511086380433369,0.0
59127.94988611187,0.2534959045922278,0.0
59127.95683061922,-0.8816141751248097,0.0
59128.005442172915,-0.7155470862728635,0.0
59128.02627569673,-2.3196220254052378,0.0
59128.033220204896,-0.5222551908298101,0.0
59128.040164712955,-4.728701568987731,0.0
59128.04710922124,1.8881125026560994,0.0
59128.054053729524,-0.6616461287457014,0.0
59128.06099823781,-4.01006080947684,0.0
59128.06794274621,-3.68388205377164,0.0
59128.074887254734,-0.42133282964277896,0.0
59128.08183176325,1.403471794236566,0.0
59128.088776271885,-2.3761211996926477,0.0
59128.095720780635,-0.5057380675463037,0.0
59128.10266528939,-1.9070323473906683,0.0
59128.10960979826,0.8979497259725804,0.0
59128.130443325324,-3.631789990870402,0.0
59128.13738783455,-1.5647555826703865,0.0
59128.14433234388,-0.5372395259378209,0.0
59128.15127685321,-5.718378352000514,0.0
59128.15822136266,-2.069826848753337,0.0
59128.165165872226,1.6546293581150167,0.0
59128.1721103818,2.3851396054841416,0.0
59128.179054891596,-0.5691938970176125,0.0
59128.19294391131,-3.5277037586618007,0.0
59128.19988842134,1.772829060387835,0.0
59128.20683293149,-0.027055566328613168,0.0
59128.21377744164,2.0780349430293654,0.0
59128.22072195202,2.7314831806445454,0.0
59128.2276664624,1.3112200063976616,0.0
59128.23461097302,2.6511785781641493,0.0
59128.24155548363,1.833548990383406,0.0
59128.24849999436,1.0343975831405032,0.0
59128.25544450521,-2.4239861689183044,0.0
59128.262389016294,-0.8246677063583547,0.0
59128.26933352737,-4.105067372314124,0.0
59128.27627803857,-3.066383621658133,0.0
59128.28322254988,1.673510217514945,0.0
59128.29016706142,2.4692870043918447,0.0
59128.297111572974,0.30860801167989393,0.0
59128.30405608475,1.0700485015538561,0.0
59128.31100059653,-1.6410031308284942,0.0
59128.31794510854,-0.9800239872213297,0.0
59128.33877864527,-1.413298496520838,0.0
59128.36655669623,-0.23890679541284499,0.0
59128.37350120929,-3.2137273636380996,0.0
59128.38044572258,-0.10697935552570925,0.0
59128.39433474951,1.1216927643250756,0.0
59128.436001834154,-3.238245055364473,0.0
59128.44294634884,-0.5002678224130932,0.0
59128.4846134407,-0.6307056770831423,0.0
59128.512391505625,-0.9819752945476239,0.0
59128.51933602241,-3.001977158407726,0.0
59128.526280539314,-3.020757709477266,0.0
59128.533225056446,1.6792873912813775,0.0
59128.540169573695,-4.751307629463099,0.0
59128.547114091176,-2.245572872918615,0.0
59128.55405860901,0.08724266416209048,0.0
59128.56100312696,-2.60947661765897,0.0
59128.567947645024,-2.103975282615238,0.0
59128.57489216344,-1.4315498881040867,0.0
59128.581836681966,-4.815457821805239,0.0
59128.58878120085,-3.0070344971716167,0.0
59128.595725719846,-3.01696391812186,0.0
59128.60267023907,0.4703133437400311,0.0
59128.609614758534,-1.383446928239664,0.0
59128.616559278234,0.7690500375249485,0.0
59128.62350379816,3.4454426933872355,0.0
59128.63044831832,-1.2725205542865297,0.0
59128.63739283883,-0.47969154135785175,0.0
59129.713795932286,0.13598110095143778,0.0
59129.72074047294,-0.16401894255544358,0.0
59129.72768501347,0.9719883150377546,0.0
59129.734629554005,-0.3294713954763703,0.0
59129.74157409442,0.49003622038237205,0.0
59129.74851863472,1.0634592376383387,0.0
59129.76240771509,1.2136667395476652,0.0
59129.769352255156,1.3170316707592766,0.0
59129.77629679523,0.36413305115645056,0.0
59129.78324133506,0.39047373026439436,0.0
59129.790185874896,0.5656920639461803,0.0
59129.79713041461,0.9327288079430567,0.0
59129.80407495433,1.0523206695758596,0.0
59129.81101949382,0.625827174076568,0.0
59129.817964033304,-0.810675925637272,0.0
59129.82490857267,0.6152856450023579,0.0
59129.83185311204,-0.3886656082963892,0.0
59129.83879765117,0.5009759338121441,0.0
59129.845742190315,1.0044315981018483,0.0
59129.85268672933,0.4940555504171159,0.0
59129.859631268235,1.7863918264559386,0.0
59129.86657580714,1.3626623739280523,0.0
59129.87352034581,-0.1181711390627207,0.0
59129.88046488448,-0.19062309641110065,0.0
59129.887409423034,0.7380468686099619,0.0
59129.89435396147,-0.26725976024754683,0.0
59129.9012984998,-0.08300608931130593,0.0
59129.908243038,0.9860212830536377,0.0
59129.9151875762,-0.5319298416051559,0.0
59129.92213211429,1.0891537703431409,0.0
59129.92907665226,0.9029235914239997,0.0
59129.93602119012,-0.08127223026595787,0.0
59129.94296572786,0.7279702315349544,0.0
59129.94991026548,-0.15474772131789727,0.0
59129.9568548031,-0.16187520093203656,0.0
59129.9637993405,-0.08372642993047807,0.0
59129.970743877886,0.37944555068766556,0.0
59129.97768841516,2.1301675718281583,0.0
59129.98463295231,0.4671032623231318,0.0
59129.99157748935,0.7249596288541723,0.0
59129.99852202639,1.0606118728152867,0.0
59130.005466563205,0.7197533311654107,0.0
59130.01241110001,0.44784384429367585,0.0
59130.0193556367,0.2970201610948,0.0
59130.02630017316,-0.41740004643704287,0.0
59130.03324470962,1.165637780106978,0.0
59130.04018924596,0.6568891227001159,0.0
59130.047133782304,-0.15345823869130004,0.0
59130.05407831841,-0.10334284805082516,0.0
59130.06102285453,0.6105984336481651,0.0
59130.0679673904,-0.39412884210102006,0.0
59130.07491192628,-0.7344297000418119,0.0
59130.081856462035,1.0742171283211184,0.0
59130.08880099768,1.1762348099593916,0.0
59130.09574553321,-0.3529936033067398,0.0
59130.10269006862,-0.5253497207859961,0.0
59130.10963460391,0.809382240949513,0.0
59130.116579139096,0.551905478900427,0.0
59130.12352367427,0.9234590778185562,0.0
59130.13046820933,-0.10201173812161879,0.0
59130.13741274416,-0.8558976809526895,0.0
59130.14435727899,-0.17770569443067963,0.0
59130.151301813705,0.3342562183141551,0.0
59130.1582463483,0.21877993418103503,0.0
59130.16519088289,0.21458317866839005,0.0
59130.172135417255,0.5139255379426152,0.0
59130.1790799515,1.1635141291194202,0.0
59130.18602448575,-0.4832656456411967,0.0
59130.19296901988,0.42157060227512466,0.0
59130.19991355378,0.27953947377135757,0.0
59130.20685808768,-0.1866105367980473,0.0
59130.21380262146,1.620111333008,0.0
59130.22074715512,0.9769085836359613,0.0
59130.227691688786,1.6605094763324706,0.0
59130.234636222216,-0.2010228640558046,0.0
59130.24158075565,0.25006710523443476,0.0
59130.24852528885,0.6920575878402648,0.0
59130.25546982205,-0.6913110558634057,0.0
59130.26241435513,1.2268076033720483,0.0
59130.269358888094,0.08467793365830512,0.0
59130.27630342095,1.3043875707306822,0.0
59130.28324795368,1.687360602368932,0.0
59130.29019248641,0.7439972735726013,0.0
59130.29713701891,-0.8314605763310399,0.0
59130.30408155142,1.4466523324389837,0.0
59130.3110260838,1.5897440421407223,0.0
59130.31797061595,1.9282853089289147,0.0
59130.3249151481,0.4955847406999462,0.0
59130.33185968026,0.05098279215150736,0.0
59130.33880421217,1.0869709858136183,0.0
59130.345748743974,0.36940277322959436,0.0
59130.352693275774,-0.5317184272291009,0.0
59130.35963780746,1.133557238688737,0.0
59130.36658233892,1.4729537358687281,0.0
59130.37352687037,0.07402687576652467,0.0
59130.38047140182,1.2494198537948775,0.0
59130.38741593304,0.8132845455309474,0.0
59130.39436046414,0.1368865464325748,0.0
59130.40130499525,-0.08495468703613984,0.0
59130.40824952612,0.9050564589305089,0.0
59130.41519405699,1.5540245696206636,0.0
59130.42213858774,0.022925336271483354,0.0
59130.42908311838,0.5278287538896058,0.0
59130.43602764902,0.14441879126333423,0.0
59130.44297217942,0.33823045299315146,0.0
59130.449916709826,0.31036296228514726,0.0
59130.45686124012,-0.45323668538548234,0.0
59130.46380577029,0.5028169595258472,0.0
59130.470750300345,0.34660401195537605,0.0
59130.47769483028,1.460173535566927,0.0
59130.484639360104,0.5999432006040208,0.0
59130.49158388993,0.32235052555593,0.0
59130.49852841964,0.11800107124110326,0.0
59130.50547294911,0.8293274844787224,0.0
59130.51241747859,1.2240651628515031,0.0
59130.51936200806,-0.7578330729971127,0.0
59130.5263065373,0.3823553112384482,0.0
59130.53325106654,0.4293641070147945,0.0
59130.540195595546,0.6523392095753672,0.0
59130.54714012455,0.48611398728713906,0.0
59130.554084653566,1.08348381319089,0.0
59130.56102918234,1.0185534650170078,0.0
59130.567973711,1.0458497634489703,0.0
59130.574918239654,1.5343788248220838,0.0
59130.5818627682,0.4268838679792135,0.0
59130.588807296626,1.6763039340848387,0.0
59130.595751824934,0.37711699590162656,0.0
59130.602696353126,-0.3456498174263364,0.0
59130.609640881325,0.3641655670084014,0.0
59130.6165854094,1.3771275544523167,0.0
59130.62352993736,0.8777474415135416,0.0
59130.6304744652,0.8975809121721655,0.0
59130.637418992934,0.41849702426346513,0.0
59130.64436352066,-0.948118731265427,0.0
59130.65130804827,-0.8302128266138158,0.0
59130.65825257576,0.20567623097469445,0.0
59130.66519710314,-0.07240649241470365,0.0
59130.672141630406,0.9299551314948566,0.0
59130.67908615767,-0.025505385356750843,0.0
59130.686030684694,0.5492756898919745,0.0
59130.69297521172,1.586898327245284,0.0
59130.69991973875,0.9511810207962638,0.0
59130.70686426555,0.6468617763915314,0.0
59130.713808792345,1.3834708116277934,0.0
59130.72075331891,-0.26940110768906145,0.0
59130.72769784559,0.726412392422226,0.0
59130.73464237204,0.4854764671442354,0.0
59130.741586898366,0.8827983061948479,0.0
59130.748531424695,1.3840741667734722,0.0
59130.75547595091,0.2355381916976529,0.0
59130.76242047701,-0.5316773374883832,0.0
59130.76936500311,-0.3148683038863943,0.0
59130.77630952897,-0.01161739654997826,0.0
59130.78325405483,0.703346748635963,0.0
59130.79019858058,-1.302318956682139,0.0
59130.797143106334,0.2908951154609706,0.0
59130.80408763185,-0.006947805329141743,0.0
59130.81103215736,-1.2899426521678736,0.0
59130.81797668276,0.5696379147605183,0.0
59130.82492120805,-0.1751985350332257,0.0
59130.83186573333,0.6920092806902916,0.0
59130.83881025838,0.396494434296763,0.0
59130.845754783426,-0.6797353327846481,0.0
59130.85269930848,-0.19636270104590225,0.0
59130.8596438333,-0.21012189116892666,0.0
59130.86658835811,0.5219179846157556,0.0
59130.87353288281,0.13923045167503373,0.0
59130.880477407394,-0.45192840744405016,0.0
59130.887421931984,-0.014900818150869355,0.0
59130.894366456334,0.5460523995586183,0.0
59130.9013109808,1.1375428055898704,0.0
59130.90825550504,0.375002257331721,0.0
59130.91520002916,1.0341338769773873,0.0
59130.922144553275,0.592199293696773,0.0
59130.929089077275,-1.505960231094181,0.0
59130.936033601276,0.15724087056475167,0.0
59130.94297812505,-0.28574212597540205,0.0
59130.94992264882,1.299889237285351,0.0
59130.95686717247,2.511382064985982,0.0
59130.96381169612,1.1208535900975745,0.0
59130.97075621955,0.04268992153781803,0.0
59130.977700742966,1.0462400720636438,0.0
59130.98464526627,-0.045500490815506334,0.0
59130.99158978957,-0.5409089318738259,0.0
59130.998534312756,-1.1141672100631177,0.0
59131.00547883583,0.6273252016705881,0.0
59131.012423358785,0.16046420255114935,0.0
59131.01936788174,5.2207314935085725,0.0
59131.026312404574,1.3583680326512928,0.0
59131.0332569273,1.0215014397943327,0.0
59131.040201449905,0.2928630788456372,0.0
59131.04714597251,-0.35314323894960004,0.0
59131.054090494996,-0.6140502540759233,0.0
59131.06103501737,-0.5351684527985083,0.0
59131.067979539745,1.5188680031678472,0.0
59131.074924062,-1.1271324330559502,0.0
59131.08186858414,-0.026526959303381226,0.0
59131.088813106275,0.9192042794172676,0.0
59131.09575762819,1.9465391907303966,0.0
59131.10270215021,0.3674967365921492,0.0
59131.109646672,-0.23629692014202197,0.0
59131.116591193786,0.8011721339999431,0.0
59131.123535715466,0.28409352289926215,0.0
59131.13048023702,-0.7231718752262377,0.0
59131.13742475858,-0.2781217583496617,0.0
59131.14436928002,0.5761022984543589,0.0
59131.15131380134,1.0265477266393768,0.0
59131.15825832255,1.1736996140576523,0.0
59131.16520284376,0.10617269819928765,0.0
59131.17214736497,-0.6878400070062446,0.0
59131.17909188595,1.0809915298576611,0.0
59131.18603640692,0.6733084076406797,0.0
59131.19298092778,0.26784982201416496,0.0
59131.19992544852,-0.33868705115570363,0.0
59131.20686996926,-0.3815970920763663,0.0
59131.21381448989,1.2106746086602302,0.0
59131.22075901052,-0.058178005415646994,0.0
59131.227703531025,0.24338847123824126,0.0
59131.23464805142,0.4370570300472375,0.0
59131.2415925717,1.1772640936657333,0.0
59131.248537091975,0.44981682099108966,0.0
59131.255481612134,1.5099903864040511,0.0
59131.262426132176,1.0994935741558867,0.0
59131.269370652226,1.1980776314879367,0.0
59131.27631517215,0.3693541872339967,0.0
59131.28325969196,0.3551758056235448,0.0
59131.29020421177,1.3549182700176616,0.0
59131.297148731464,0.34474293336906103,0.0
59131.30409325105,1.3703653252648298,0.0
59131.311037770625,0.15781077030732849,0.0
59131.317982290086,0.983114603449741,0.0
59131.324926809546,0.7729126963163604,0.0
59131.33187132878,0.017555533195570128,0.0
59131.33881584801,1.3553142706097645,0.0
59131.345760367236,1.1298643103968773,0.0
59131.35270488635,1.1518490397075094,0.0
59131.35964940535,0.7961905501751378,0.0
59131.36659392423,0.30134214700656514,0.0
59131.373538443106,2.524010024113266,0.0
59131.38048296187,-0.1815024171497377,0.0
59131.38742748063,0.8982826467157589,0.0
59131.39437199928,0.23176104506049078,0.0
59131.40131651781,-0.2374056369897395,0.0
59131.40826103634,0.8503729473745301,0.0
59131.41520555475,0.7524706980514844,0.0
59131.42215007305,1.1849097117660703,0.0
59131.42909459135,1.124335851948798,0.0
59131.43603910953,1.1177720742347352,0.0
59131.442983627596,0.21594054878792035,0.0
59131.44992814567,0.9474075775402471,0.0
59131.45687266361,2.206675758357293,0.0
59131.463817181444,0.45444759527841516,0.0
59131.470761699275,-0.7531376908540917,0.0
59131.47770621699,-0.6492086568264293,0.0
59131.48465073471,0.5367665909218174,0.0
59131.49159525231,-0.007118421905885408,0.0
59131.49853976979,-0.9552508793057972,0.0
59131.50548428728,-0.3301204720835498,0.0
59131.51242880464,0.5601746441338651,0.0
59131.51937332201,1.0687881807196373,0.0
59131.52631783914,-1.2044442068115164,0.0
59131.53326235639,-0.1537714984159596,0.0
59131.54020687341,1.2108191581559236,0.0
59131.54715139043,1.3368720190921135,0.0
59131.554095907326,1.7185179778874413,0.0
59131.561040424225,-0.2627297353313134,0.0
59131.567984941015,0.20405519613903567,0.0
59131.5749294578,0.07522202784842347,0.0
59131.581873974465,0.09416679344018661,0.0
59131.588818491015,-0.3394226394266324,0.0
59131.595763007455,0.07804968704698756,0.0
59131.60270752389,1.4518997765474726,0.0
59131.60965204032,-0.8158936826279002,0.0
59131.61659655664,-0.10691303957169307,0.0
59131.62354107284,0.2602936444445312,0.0
59131.63048558893,1.030937122753365,0.0
59131.63743010502,0.7892187593165682,0.0
59131.6443746211,-1.4999322304043987,0.0
59131.65131913695,0.7429903192608316,0.0
59131.65826365292,0.6638297881890929,0.0
59131.66520816866,9.469454891333323,0.0
59131.6721526844,0.7948967687997621,0.0
59131.679097200016,0.1400022404521234,0.0
59131.68604171564,-0.002550337121132895,0.0
59131.692986231144,0.7012115065180726,0.0
59131.69993074665,1.5624147435564957,0.0
59131.70687526203,-0.16907394913504759,0.0
59131.7138197773,0.9718353308828891,0.0
59131.72076429258,1.266282044383632,0.0
59131.72770880773,0.22641618185305612,0.0
59131.73465332277,0.854838124242051,0.0
59131.741597837805,0.5795818078463045,0.0
59131.74854235285,1.6622483976741442,0.0
59131.75548686777,1.0514675866995329,0.0
59131.76243138257,-0.5357417023282285,0.0
59131.76937589726,0.8762647273497601,0.0
59131.776320411955,-0.13055764084708765,0.0
59131.78326492664,-0.6076813728185848,0.0
59131.7902094411,1.3074514020365673,0.0
59131.79715395567,1.356355448423681,0.0
59131.804098470006,-1.4517612030133098,0.0
59131.81104298435,-0.14355036146820147,0.0
59131.81798749869,1.2463646482916704,0.0
59131.82493201291,0.46749978227539346,0.0
59131.83187652702,-0.28073387530015537,0.0
59131.83882104113,1.4287056316740823,0.0
59131.84576555512,0.7208941774706711,0.0
59131.852710069106,-0.2194191821828973,0.0
59131.85965458298,1.363625761914152,0.0
59131.86659909674,0.6306910885399146,0.0
59131.8735436105,-1.6575553364375308,0.0
59131.88048812414,0.2921176536583675,0.0
59131.88743263778,1.4524350794865029,0.0
59131.8943771513,1.454507384363178,0.0
59131.901321664714,-0.3357907686006041,0.0
59131.90826617812,-0.6196520082207928,0.0
59131.91521069153,0.5533010757596134,0.0
59131.92215520482,0.45252773770304433,0.0
59131.929099718,0.5774924382705827,0.0
59131.93604423117,1.1923379275230488,0.0
59131.94298874423,-0.09690948989672565,0.0
59131.94993325717,-0.6252389167069095,0.0
59131.95687777012,-0.7268698142595751,0.0
59131.96382228306,0.0324076134783029,0.0
59131.97076679577,-0.12140683939344865,0.0
59131.9777113086,-0.2249809826598146,0.0
59131.984655821194,0.0302992460968865,0.0
59131.9916003339,0.9342626195129551,0.0
59131.99854484638,0.8840136168837653,0.0
59132.00548935885,-0.6925086555748935,0.0
59132.012433871336,-0.9373771825036703,0.0
59132.019378383695,0.35283878522464174,0.0
59132.02632289594,1.3957547298407393,0.0
59132.03326740818,0.9981448331010443,0.0
59132.04021192031,1.0110019364809775,0.0
59132.04715643244,1.3160088366619935,0.0
59132.05410094445,1.180013836292231,0.0
59132.06104545634,0.20601336025274442,0.0
59132.06798996836,0.6602711915803977,0.0
59132.07493448014,-0.4883788737609408,0.0
59132.081878991914,-0.18715248927929745,0.0
59132.088823503575,0.6997453525970411,0.0
59132.095768015235,0.34725027930116564,0.0
59132.10271252679,1.7574069026996813,0.0
59132.10965703833,1.2120040872940148,0.0
59132.11660154976,0.21247074946670058,0.0
59132.123546061186,0.132827331229946,0.0
59132.130490572505,0.4565961222044731,0.0
59132.1374350837,-0.445844564903373,0.0
59132.144379594894,0.13456207432031797,0.0
59132.15132410609,-0.025129750778496107,0.0
59132.15826861717,1.144465076489745,0.0
59132.16521312814,-0.19634242332286878,0.0
59132.1721576391,0.03967271689141871,0.0
59132.179102149945,-0.6765099347486907,0.0
59132.18604666079,-0.5290130643080907,0.0
59132.19299117153,-0.5790649273066563,0.0
59132.199935682256,0.913110088248952,0.0
59132.20688019287,0.8655824128266828,0.0
59132.213824703365,-0.19619401463492625,0.0
59132.22076921387,0.6596672340606018,0.0
59132.227713724365,1.194344230751805,0.0
59132.234658234745,-1.0657604429798124,0.0
59132.24160274501,0.4867873098092812,0.0
59132.24854725528,0.174834290540617,0.0
59132.25549176543,0.832394947804513,0.0
59132.262436275574,-0.8197857381968421,0.0
59132.26938078561,0.9862043660937306,0.0
59132.27632529564,-0.043236803086996456,0.0
59132.28326980556,1.2581571206717193,0.0
59132.29021431547,-0.359869926580784,0.0
59132.29715882527,0.9332103348056568,0.0
59132.304103335075,1.2541245215227583,0.0
59132.311047844756,0.25436446809836133,0.0
59132.31799235432,0.6663862090055994,0.0
59132.324936864,0.30551361735867355,0.0
59132.33188137345,1.660021552369357,0.0
59132.33882588291,0.6900925320447647,0.0
59132.34577039224,0.7819534385584492,0.0
59132.35271490157,1.1275824821141396,0.0
59132.35965941091,0.3002981213199252,0.0
59132.36660392013,0.926063103855556,0.0
59132.37354842923,-0.25530141742552903,0.0
59132.380492938326,0.41869678079501105,0.0
59132.38743744731,0.6265742533506682,0.0
59132.3943819563,0.3579520725971169,0.0
59132.401326465166,0.5182409825753347,0.0
59132.40827097403,0.709655818371747,0.0
59132.41521548278,-0.5357201466121795,0.0
59132.42215999154,-0.6172950283929604,0.0
59132.429104500174,0.5494495249277276,0.0
59132.43604900881,1.4250452255099877,0.0
59132.442993517325,-0.7601161226566819,0.0
59132.44993802573,-1.0213562651858437,0.0
59132.45688253425,0.28856254900364964,0.0
59132.463827042535,0.36575433006719427,0.0
59132.47077155082,0.6512627203084844,0.0
59132.477716059104,0.16482042218221638,0.0
59132.48466056728,1.9789210178508843,0.0
59132.49160507533,0.42237663992535057,0.0
59132.49854958338,0.9790143666181116,0.0
59132.50549409144,0.489891309277495,0.0
59132.51243859938,0.8565162295839326,0.0
59132.519383107196,1.277475447787104,0.0
59132.526327615014,1.3658258680083737,0.0
59132.53327212283,0.5059425006655003,0.0
59132.54021663054,-0.7953154364545911,0.0
59132.54716113813,0.8566597194644556,0.0
59132.554105645715,0.733858645084198,0.0
59132.5610501533,0.8790890967202484,0.0
59132.56799466078,0.8335682401425173,0.0
59132.57493916813,0.5985585895587364,0.0
59132.581883675484,0.6779865770192848,0.0
59132.58882818272,-0.4292709432919761,0.0
59132.595772689965,-0.41397310614614913,0.0
59132.6027171972,0.021448192415907563,0.0
59132.60966170432,-0.2210139312165642,0.0
59132.616606211326,-1.363186573037918,0.0
59132.62355071833,-0.4520256573074961,0.0
59132.630495225225,1.523797793669415,0.0
59132.63743973211,0.17349109698685916,0.0
59132.644384239,-0.01936333445632471,0.0
59132.65132874577,0.6547573959702322,0.0
59132.65827325243,0.3337118905103229,0.0
59132.66521775909,-0.46830734678247254,0.0
59132.672162265626,0.24260109864511015,0.0
59132.679106772164,0.128539130279064,0.0
59132.68605127871,0.1764961863611465,0.0
59132.69299578513,0.15065165594304297,0.0
59132.69994029144,0.5888286473441837,0.0
59132.70688479774,-0.39593726890933784,0.0
59132.71382930394,0.49046631956398523,0.0
59132.72077381013,0.024285943386918918,0.0
59132.72771831632,-0.6387137259536229,0.0
59132.73466282239,0.32380503211746503,0.0
59132.74160732835,0.5862227257795103,0.0
59132.74855183431,0.03692437065181331,0.0
59132.75549634015,0.6586417956278443,0.0
59132.76244084599,-0.8959056005510599,0.0
59132.769385351836,1.6843033049126857,0.0
59132.77632985756,0.22594298881479258,0.0
59132.783274363166,-0.7690516901119971,0.0
59132.79021886877,-0.7417965537984305,0.0
59132.79716337439,-0.4981397677594171,0.0
59132.80410787988,0.70897066372548,0.0
59132.81105238525,0.4997592082748025,0.0
59132.817996890626,0.6249399176885522,0.0
59132.824941396,1.5827480707931452,0.0
59132.831885901265,-0.2317944871399501,0.0
59132.83883040652,0.5108987006548609,0.0
59132.845774911664,1.281611330685677,0.0
59132.852719416696,0.8606936136974728,0.0
59132.85966392184,0.2693570962190217,0.0
59132.866608426746,0.07577187844892003,0.0
59132.873552931655,1.0940888031537723,0.0
59132.88049743656,0.9107154844918774,0.0
59132.88744194136,-0.05107078484848504,0.0
59132.894386446154,0.08228715443272422,0.0
59132.90133095083,-0.14289018533303827,0.0
59132.908275455506,0.2407723588539834,0.0
59132.91521996007,0.4437918710743014,0.0
59132.92216446463,0.12358307723927864,0.0
59132.929108969074,1.1164535232579818,0.0
59132.93605347352,0.6876395605666643,0.0
59132.94299797785,0.5027791133573041,0.0
59132.94994248218,2.5450267287374344,0.0
59132.9568869865,0.7182733357812525,0.0
59132.96383149071,0.0692602522885038,0.0
59132.970775994814,0.34421469924001913,0.0
59132.97772049891,2.1740734405667377,0.0
59132.984665002885,-0.22156196105365256,0.0
59132.99160950686,0.5545329125683325,0.0
59132.99855401085,-0.3189141537568856,0.0
59133.00549851471,0.10940364936580743,0.0
59133.01244301857,-0.5204420495292372,0.0
59133.01938752231,0.43444149153676725,0.0
59133.02633202594,1.3432602802539493,0.0
59133.033276529575,-0.006376538324115,0.0
59133.0402210332,-0.997350305817975,0.0
59133.047165536715,0.8434354191753981,0.0
59133.05411004023,-0.219415117912791,0.0
59133.06105454363,1.7808972395732996,0.0
59133.06799904702,-0.12685373292155178,0.0
59133.0749435503,2.1785525886577344,0.0
59133.08188805358,0.3997777921264045,0.0
59133.08883255687,0.21042143000462987,0.0
59133.09577706003,0.09830370338435845,0.0
59133.102721563075,-0.22258006440347744,0.0
59133.10966606613,1.1456474304235127,0.0
59133.11661056906,1.1550298247209103,0.0
59133.1235550721,-1.250075828166126,0.0
59133.130499574916,0.26616162812888966,0.0
59133.13744407773,-0.12076251181556719,0.0
59133.14438858055,0.8654200691637688,0.0
59133.151333083246,0.4897827098228682,0.0
59133.15827758594,0.11342396616351502,0.0
59133.16522208852,0.1488771358637893,0.0
59133.17216659111,-0.9325710536602871,0.0
59133.179111093574,1.4533712648140293,0.0
59133.18605559604,-0.0018510385441032895,0.0
59133.193000098385,0.5632488605076929,0.0
59133.19994460074,1.0662816140709481,0.0
59133.20688910297,-0.48911306221657985,0.0
59133.2138336052,0.6921104256649684,0.0
59133.22077810743,0.43342114309687174,0.0
59133.22772260955,2.2791287506711173,0.0
59133.23466711167,1.341227265017197,0.0
59133.24161161367,-0.8611502137887272,0.0
59133.24855611555,-1.5441769221440538,0.0
59133.25550061755,0.42124134504516064,0.0
59133.26244511932,0.8293156915980182,0.0
59133.2693896212,-0.16937822883125886,0.0
59133.276334122966,1.3329997426086062,0.0
59133.283278624614,0.6577134112765779,0.0
59133.29022312627,-0.7249755557460769,0.0
59133.2971676278,1.3047012074571314,0.0
59133.304112129335,0.23664277561312164,0.0
59133.31105663087,-0.5417299328365892,0.0
59133.31800113229,-0.3655568554142432,0.0
59133.32494563359,-0.4320659954147694,1.0
59133.33189013501,32.35638827468654,1.0
59133.33883463619,18.127252873695927,1.0
59133.3457791375,10.232124416695896,1.0
59133.35272363856,7.072085796593559,0.0
59133.35966813975,6.467184819653301,0.0
59133.36661264081,2.7609611508988534,0.0
59133.37355714177,0.36850388233363274,0.0
59133.38050164272,0.8850181077101227,0.0
59133.38744614367,-0.464372832978466,0.0
59133.394390644506,1.3328421500982017,0.0
59133.40133514523,1.6740913269681088,0.0
59133.40827964595,0.6390725044308796,0.0
59133.415224146665,1.2232656594524378,0.0
59133.42216864727,-0.14058420306003516,0.0
59133.42911314787,1.8150761781758058,0.0
59133.436057648476,0.7007641014520642,0.0
59133.443002148844,-0.3532239727411298,0.0
59133.44994664933,2.316868397070702,0.0
59133.456891149704,-0.056071039900885467,0.0
59133.463835649956,0.5184309792540768,0.0
59133.470780150325,1.0960022030342782,0.0
59133.47772465046,0.3149616286682535,0.0
59133.484669150595,0.3443623765061829,0.0
59133.49161365074,1.0987965609176988,0.0
59133.49855815087,0.9520992433682087,0.0
59133.505502650776,0.6071616291499161,0.0
59133.5124471508,0.025887754734060353,0.0
59133.519391650705,0.19092327048335933,0.0
59133.52633615049,-1.1622958260064107,0.0
59133.53328065028,-0.1359503829087922,0.0
59133.54022515006,-0.36983145770497156,0.0
59133.54716964974,-0.22081775559328104,0.0
59133.55411414941,1.4919998733282502,0.0
59133.561058648964,0.010291682284007342,0.0
59133.568003148524,0.37085432817137376,0.0
59133.57494764796,1.070375580181721,0.0
59133.5818921474,-0.6723291862857422,0.0
59133.588836646835,-0.16121436802525604,0.0
59133.595781146156,-0.09123246349481623,0.0
59133.60272564548,0.6785485647331204,0.0
59133.60967014469,0.7416655559514873,0.0
59133.61661464389,1.497118486841547,0.0
59133.62355914298,-0.8638207923162318,0.0
59133.630503642074,0.4960414085714855,0.0
59133.637448141046,1.1638247508237338,0.0
59133.64439264002,1.1300572976303105,0.0
59133.65133713899,-0.5731033560144992,0.0
59133.65828163785,1.0182802065822285,0.0
59133.66522613659,2.076479599030236,0.0
59133.672170635444,0.3580984480803253,0.0
59133.67911513407,-0.520423625478821,0.0
59133.68605963281,0.6335077861290548,0.0
59133.69300413143,0.7341909910485269,0.0
59133.69994862994,1.3180693120406135,0.0
59133.706893128445,0.08985689415437936,0.0
59133.71383762696,0.2895309397143989,0.0
59133.72078212535,0.10062020291821883,0.0
59133.727726623736,-0.3982263914872839,0.0
59133.73467112201,0.9126466614018572,0.0
59133.74161562029,0.689534173779739,0.0
59133.748560118445,0.6323600131762819,0.0
59133.7555046166,0.40616894483995747,0.0
59133.76244911464,-0.1757250620838553,0.0
59133.769393612805,-0.43029718376610726,0.0
59133.77633811073,1.8443080113505474,0.0
59133.78328260865,1.0237830700230712,0.0
59133.790227106576,1.4209239288476267,0.0
59133.7971716045,-0.1989926585714582,0.0
59133.8041161022,0.019814940591653007,0.0
59133.811060600005,1.0729287363152284,0.0
59133.818005097695,-0.40434733538192,0.0
59133.82494959539,1.5705647481405172,0.0
59133.83189409297,0.8481067933239825,0.0
59133.838838590425,0.11204278063336892,0.0
59133.845783088,0.4578209088415314,0.0
59133.85272758546,0.37374112061577724,0.0
59133.859672082806,-0.6729140124170682,0.0
59133.86661658015,-0.25290341882411993,0.0
59133.87356107749,0.7228747985283452,0.0
59133.88050557472,0.32142600211744,0.0
59133.88745007195,0.5217474465992427,0.0
59133.894394569055,0.46768907468598975,0.0
59133.901339066164,1.3914026599370106,0.0
59133.908283563156,0.6254412651241779,0.0
59133.915228060156,-0.9291906786927413,0.0
59133.92217255715,1.1851833029406715,0.0
59133.929117054024,1.4845241286067208,0.0
59133.93606155091,1.1196300542179056,0.0
59133.943006047666,0.9432021744205537,0.0
59133.949950544426,0.33132297123124377,0.0
59133.95689504107,-0.4070888427663266,0.0
59133.96383953771,1.0510644758565912,0.0
59133.97078403436,0.5644180338938302,0.0
59133.97772853089,-0.5547013097997847,0.0
59133.9846730273,1.2499777553860576,0.0
59133.99161752383,0.057026306503973334,0.0
59133.99856202024,1.3846498647291798,0.0
59134.005506516536,0.2990921928088096,0.0
59134.01245101283,2.1631021518205644,0.0
59134.01939550912,0.7039096461993447,0.0
59134.02634000531,1.361544243442769,0.0
59134.03328450137,-0.012102646775923764,0.0
59134.04022899755,-0.022603254868077016,0.0
59134.04717349361,-0.5953552217217706,0.0
59134.05411798956,-0.25046008896098726,0.0
59134.0610624855,0.3028924067926761,0.0
59134.06800698145,0.2429884263791609,0.0
59134.074951477276,-0.6679325131346163,0.0
59134.08189597311,-1.298005684915672,0.0
59134.08884046882,-0.2583920187881349,0.0
59134.095784964535,0.3376829851827253,0.0
59134.10272946014,0.9107866139297354,0.0
59134.10967395573,0.18887658952893638,0.0
59134.11661845133,0.12855563294220673,0.0
59134.12356294681,0.5007800133299721,0.0
59134.130507442285,0.6430293907096084,0.0
59134.14439643302,1.1991384497410844,0.0
59134.15134092838,1.7049202490756685,0.0
59134.158285423626,0.020845738586738105,0.0
59134.16522991888,-0.7524876029796808,0.0
59134.17217441401,1.5701562152378665,0.0
59134.17911890914,0.9936734233614586,0.0
59134.18606340415,0.4328743101621969,0.0
59134.19300789917,0.521503774660489,0.0
59134.199952394185,1.0203842437617057,0.0
59134.20689688908,0.12414981571776829,0.0
59134.21384138398,0.19011251563543297,0.0
59134.220785878766,0.2685053632535328,0.0
59134.22773037355,0.8891501919976352,0.0
59134.23467486833,0.3072903283170412,0.0
59134.24161936299,-0.1563199195674012,0.0
59134.248563857545,0.4625036185154292,0.0
59134.25550835221,0.022537591709906768,0.0
59134.26245284664,-0.21079282781412678,0.0
59134.26939734119,-0.08168912306843501,0.0
59134.276341835626,1.656862743820873,0.0
59134.28328632994,0.4839808170174361,0.0
59134.29023082437,-1.027403890218112,0.0
59134.29717531857,-0.11752803962804914,0.0
59134.30411981289,0.000810016401199043,0.0
59134.311064306974,0.39476368803140094,0.0
59134.31800880117,-0.1702445883913013,0.0
59134.32495329526,-0.023054208911416962,0.0
59134.33189778934,1.3085802765434713,0.0
59134.33884228331,-0.7257197324304507,0.0
59134.345786777274,-0.8647049825028723,0.0
59134.35273127112,-0.2731197182623897,0.0
59134.35967576498,0.36156173997305774,0.0
59134.36662025883,0.4601132332461344,0.0
59134.37356475256,0.6002107687500335,0.0
59134.38050924629,-0.3781322154543605,0.0
59134.38745373992,0.48502399420663067,0.0
59134.39439823353,0.7684626590300749,0.0
59134.40134272715,0.20557947202215432,0.0
59134.40828722065,0.0836537198986429,0.0
59134.41523171404,-0.02584811825885014,0.0
59134.42217620754,0.24158745360345524,0.0
59134.42912070092,0.04055123438043218,0.0
59134.43606519419,1.5099666622793804,0.0
59134.443009687464,0.4791963792836987,0.0
59134.44995418073,0.039356740912264876,0.0
59134.45689867388,-0.008079825290423615,0.0
59134.46384316703,0.4645182356603731,0.0
59134.47078766007,-0.022011968704843232,0.0
59134.47773215311,1.1918926663665226,0.0
59134.48467664614,0.8812345860503977,0.0
59134.49162113907,0.7280773247925446,0.0
59134.498565631984,0.7467582149331649,0.0
59134.505510124785,0.8240448143642309,0.0
59134.51245461759,0.10049291928760495,0.0
59134.51939911027,0.13374333540593797,0.0
59134.52634360308,0.00023283637979543137,0.0
59134.53328809565,-0.041133298431565546,0.0
59134.54023258833,0.09605483633301537,0.0
59134.54717708091,0.5355038632458029,0.0
59134.55412157336,-0.5802656988707897,0.0
59134.56106606581,-0.29444667779899547,0.0
59134.568010558265,0.6936332901613181,0.0
59134.5749550506,0.2660315379694893,0.0
59134.58189954294,0.7294266102847593,0.0
59134.58884403516,-0.2242716776167688,0.0
59134.59578852738,0.586134557673436,0.0
59134.6027330196,0.46830281996788736,0.0
59134.60967751171,0.245366375867604,0.0
59134.616622003814,-1.1389094186465325,0.0
59134.62356649592,-0.7993906565721629,0.0
59134.6305109879,0.13934342685513657,0.0
59134.63745547978,0.8069764267838567,0.0
59134.64439997165,0.24067765981000133,0.0
59134.65134446352,1.1287725915815647,0.0
59134.6582889554,0.16220293005547848,0.0
59134.66523344715,1.1759321613820761,0.0
59134.67217793879,0.6332187012583234,0.0
59134.679122430425,0.48130398327810575,0.0
59134.68606692206,-0.40700479511490495,0.0
59134.69301141359,0.33421838574691154,0.0
59134.69995590511,1.443851002697063,0.0
59134.70690039663,0.3521593860265052,0.0
59134.713844888036,-1.6046083192458105,0.0
59134.72078937945,0.7403431915218945,0.0
59134.727733870735,-0.2516260076818784,0.0
59134.73467836202,-0.03068738023518447,0.0
59134.74162285331,0.2995935863519664,0.0
59134.74856734449,-0.2384054200925363,0.0
59134.75551183566,1.9077423772728894,0.0
59134.762456326716,-0.005923819284592957,0.0
59134.76940081777,-0.15264911123665142,0.0
59134.77634530872,0.16557660533431917,0.0
59134.783289799656,0.04594828459647582,0.0
59134.790234290595,-0.7076546442047202,0.0
59134.79717878153,2.357384739603687,0.0
59134.804123272246,-0.0018318632184557426,0.0
59134.81106776307,0.5537076443779765,0.0
59134.818012253774,0.7174980077500092,0.0
59134.82495674448,-0.11994427414418585,0.0
59134.83190123508,0.07812440592527126,0.0
59134.838845725666,0.8852240630728526,0.0
59134.845790216255,0.4505632180651209,0.0
59134.85273470673,0.22923016255627582,0.0
59134.85967919709,0.3004567691942365,0.0
59134.866623687565,0.396187387248775,0.0
59134.87356817792,0.1441660221582325,0.0
59134.88051266816,0.06386900405295282,0.0
59134.88745715841,0.6249666984878757,0.0
59134.89440164865,-0.8912083213745243,0.0
59134.90134613877,-0.03317729472379727,0.0
59134.9082906289,0.7594253826929156,0.0
59134.91523511903,0.08216040521498935,0.0
59134.922179609035,-0.20380268943892998,0.0
59134.92912409904,1.3561210514272786,0.0
59134.93606858894,-0.2720156935159045,0.0
59134.94301307883,0.4097213986355559,0.0
59134.949957568606,0.8744274020530989,0.0
59134.95690205838,-0.9730210941155641,0.0
59134.96384654816,1.442452736386707,0.0
59134.97079103794,0.883991597535279,0.0
59134.97773552748,0.5753534720286347,0.0
59134.984680017136,0.4526144208804668,0.0
59134.991624506685,-1.560856652518198,0.0
59134.99856899623,1.144820282024908,0.0
59135.00551348565,0.29497896257692724,0.0
59135.01245797508,0.6776062033263422,0.0
59135.0194024645,-0.37002239737185416,0.0
59135.02634695382,0.44300429582116035,0.0
59135.03329144313,0.5049899305540675,0.0
59135.04023593232,0.8871166499005072,0.0
59135.04718042152,0.4674510493945079,0.0
59135.05412491071,0.008695870178098586,0.0
59135.06106939979,0.5880588059705371,0.0
59135.068013888864,0.7519569708094848,0.0
59135.07495837782,-0.5821667975352438,0.0
59135.08190286679,-0.06394665548030543,0.0
59135.08884735575,-0.2210066990361519,0.0
59135.09579184459,-0.27546498525022334,0.0
59135.10273633344,-0.10244073033930168,0.0
59135.10968082217,0.9212682097544092,0.0
59135.1166253109,1.162873677547454,0.0
59135.12356979962,0.924407388102703,0.0
59135.13051428824,0.5139988674625908,0.0
59135.13745877685,0.44530765625454083,0.0
59135.144403265345,-0.03803421932896456,0.0
59135.15134775384,0.43403537897590905,0.0
59135.15829224234,0.8198009526904151,0.0
59135.16523673072,0.1504540570592412,0.0
59135.172181219095,0.505277065163392,0.0
59135.17912570747,0.4876119469329345,0.0
59135.186070195734,0.9536826469666666,0.0
59135.193014684,0.6778273918762832,0.0
59135.19995917215,1.1158476029961322,0.0
59135.20690366029,0.007850182238969383,0.0
59135.21384814833,0.87318154029208,0.0
59135.220792636355,0.508740779776067,0.0
59135.22773712438,-0.7382298375372172,0.0
59135.23468161241,-0.008423015431525904,0.0
59135.24162610033,-1.6390492352335055,0.0
59135.248570588126,0.5148555533966535,0.0
59135.25551507592,0.3050923682940869,0.0
59135.26245956372,0.6308265377002462,0.0
59135.2694040514,-0.17200598199779615,0.0
59135.27634853908,0.8493496759482646,0.0
59135.28329302676,0.3673691798511064,0.0
59135.290237514324,-0.34498884544681596,0.0
59135.297182001894,-0.014877443594247808,0.0
59135.30412648946,-0.367723506997249,0.0
59135.3110709769,-0.3749387787690841,0.0
59135.31801546423,1.085360394218875,0.0
59135.324959951686,-0.014738582624649998,0.0
59135.331904439015,-0.42492026423152063,0.0
59135.33884892623,-0.23633388532684585,0.0
59135.34579341344,-1.5750880284635327,0.0
59135.352737900655,0.9175813463474902,0.0
59135.35968238776,-0.9185559590703665,0.0
59135.36662687486,-0.15555311413469852,0.0
59135.37357136195,0.04698830947482302,0.0
59135.38051584894,-0.006841058048343784,0.0
59135.38746033592,-0.1968446127123431,0.0
59135.394404822786,0.2091832941850803,0.0
59135.40134930965,-1.448658501094269,0.0
59135.40829379652,0.2633526848790372,0.0
59135.41523828327,-0.4339321209685717,0.0
59135.42218277002,1.1766677980885367,0.0
59135.42912725665,-0.648170547154566,0.0
59135.43607174329,1.6747246128588045,0.0
59135.44301622992,-0.39645600529737934,0.0
59135.44996071643,0.01212223417074565,0.0
59135.45690520295,-1.2152046692576146,0.0
59135.46384968947,0.8385258631186482,0.0
59135.47079417587,-0.7708683377764629,0.0
59135.477738662266,0.523165232324591,0.0
59135.48468314855,0.3849872978607951,0.0
59135.49162763484,0.8429427916608854,0.0
59135.49857212112,-0.4017645107692359,0.0
59135.505516607285,0.3045899097953473,0.0
59135.51246109346,0.06020573130739426,0.0
59135.51940557951,0.1156325901536499,0.0
59135.52635006556,-0.8514267688257161,0.0
59135.533294551606,-0.0996918434245721,0.0
59135.540239037546,0.5422044544801735,0.0
59135.54718352348,-0.7537681573857183,0.0
59135.554128009295,1.522369340660818,0.0
59135.56107249511,1.551567441558016,0.0
59135.568016980935,1.629954729329532,0.0
59135.57496146675,0.24773654606887718,0.0
59135.58190595245,-0.3470408255064542,0.0
59135.588850438035,-0.3247843069837817,0.0
59135.595794923625,0.05554382143159464,0.0
59135.60273940921,0.09049521658039028,0.0
59135.60968389479,0.8244993306837418,0.0
59135.61662838026,0.4091828733552907,0.0
59135.62357286562,0.5247895004837687,0.0
59135.630517351085,0.4132318915959514,0.0
59135.63746183632,1.182145146116717,0.0
59135.64440632168,-0.6752056330417147,0.0
59135.65135080691,-0.06558440831813894,0.0
59135.658295292145,-0.5917649530161477,0.0
59135.66523977726,1.702867674712201,0.0
59135.67218426238,-0.9145867900416593,0.0
59135.679128747506,-0.4854139644960318,0.0
59135.68607323251,-0.33789340033639503,0.0
59135.69301771751,1.7396806193746206,0.0
59135.6999622024,-0.4437457142924085,0.0
59135.70690668729,-0.5033318799640578,0.0
59135.71385117217,0.0021001466212745568,0.0
59135.72079565694,-0.020532073761445835,0.0
59135.72774014171,-0.7899500031962396,0.0
59135.734684626485,-0.40017665500071575,0.0
59135.74162911114,0.21599219261430946,0.0
59135.74857359579,-0.1902240739272531,0.0
59135.755518080325,0.1578271132198119,0.0
59135.76246256487,0.44784949904535787,0.0
59135.7694070494,-0.0933902545897031,0.0
59135.77635153382,1.6626867797163318,0.0
59135.78329601824,-0.029837905805080722,0.0
59135.79024050255,0.5577558067696007,0.0
59135.797184986855,0.58628387851567,0.0
59135.80412947116,0.8176528487748383,0.0
59135.81107395547,-0.5014894577376281,0.0
59135.818018439655,0.5935576657524412,0.0
59135.824962923725,0.8741963907072123,0.0
59135.831907407795,0.19357361851403687,0.0
59135.838851891865,0.08770508588927228,0.0
59135.84579637594,0.6565869573159347,0.0
59135.8527408599,-0.23768153996135077,0.0
59135.859685343734,1.625971293756949,0.0
59135.866629827695,1.5845861460389377,0.0
59135.87357431153,-0.3327603996945525,0.0
59135.88051879525,1.0349919148776916,0.0
59135.887463278974,-1.135366970811217,0.0
59135.89440778086,1.2311304512475227,0.0
59135.901352264584,0.02061060973216322,0.0
59135.90829674819,0.07820852179447563,0.0
59135.915241231676,-0.10533365869153433,0.0
59135.92218571529,-0.1381708304717284,0.0
59135.929130198776,0.004859197104642221,0.0
59135.93607468215,-0.22844944739765705,0.0
59135.94301916552,-0.09810104994666241,0.0
59135.9499636489,-0.11884900960266026,0.0
59135.95690813215,0.7206852067812991,0.0
59135.96385261541,1.3314890917302882,0.0
59135.970797098664,1.0810484260504423,0.0
59135.97774158181,0.40626671229463307,0.0
59135.98468606495,-0.08643435830646884,0.0
59135.99163054809,0.6378374737051817,0.0
59135.99857503112,0.24723627959382516,0.0
59136.00551951402,0.4059276116628391,0.0
59136.012463997045,-0.32500708677623324,0.0
59136.01940847995,0.02150669500704394,0.0
59136.02635296274,-0.641368628576189,0.0
59136.033297445654,-0.7679381573112327,0.0
59136.04024192833,0.27185225445948735,0.0
59136.04718641112,0.49743791012293725,0.0
59136.05413089379,1.4436141602158006,0.0
59136.06107537647,1.3763921253521696,0.0
59136.06801985903,0.6736203046912519,0.0
59136.074964341584,0.2996396552404357,0.0
59136.08190882414,0.9740690933969723,0.0
59136.08885330659,0.4896823214006301,0.0
59136.09579778903,0.9284255537418953,0.0
59136.10274227135,0.1293292953358377,0.0
59136.10968675368,-0.8469917130988164,0.0
59136.11663123601,0.6161706816040758,0.0
59136.123575718215,0.8508795507848708,0.0
59136.13052020042,0.18599327317022718,0.0
59136.13746468264,0.9574316406903783,0.0
59136.14440916473,1.1074769519195624,0.0
59136.158298128794,0.1772421329514467,0.0
59136.165242610776,0.11288691770917714,0.0
59136.17218709275,0.28816492403733684,0.0
59136.17913157461,0.6811403303666019,0.0
59136.18607605647,0.5862233756384412,0.0
59136.19302053833,0.7744130336073586,0.0
59136.199965020074,0.33450098953396246,0.0
59136.206909501816,0.21168842754795403,0.0
59136.21385398344,-1.1633750010232915,0.0
59136.22079846519,-0.5555449434137874,0.0
59136.2277429467,-0.192110841287351,0.0
59136.234687428325,-0.4636126925686594,0.0
59136.26940983542,0.3351429173463455,0.0
59136.276354316695,0.6296828137994994,0.0
59136.283298797855,1.1270578118545438,0.0
59136.29024327913,0.11507329711516506,0.0
59136.2971877603,-0.8865561953273982,0.0
59136.30413224134,1.7442942882199777,0.0
59136.3110767225,1.7016076993828848,0.0
59136.31802120343,-0.2535857101541255,0.0
59136.32496568448,2.0187836244750703,0.0
59136.331910165405,1.266051777199698,0.0
59136.33885464633,-0.16546987527289292,0.0
59136.34579912714,-1.0243708444695252,0.0
59136.35274360796,0.05179040222338177,0.0
59136.35968808877,0.8162730806346815,0.0
59136.366632569465,-0.4302418939329127,0.0
59136.37357705016,-0.23355536097021545,0.0
59136.380521530744,-0.836062938097951,0.0
59136.38746601144,-0.9622211330445534,0.0
59136.3944104919,-1.4775646679332357,0.0
59136.401354972484,-0.003901108523266028,0.0
59136.408299452945,0.3468422472190942,0.0
59136.41524393329,0.622886951697425,0.0
59136.42218841375,0.8498798552046125,0.0
59136.4291328941,0.28178368899700335,0.0
59136.43607737433,-0.07718994070926888,0.0
59136.44302185456,-0.8630491235372709,0.0
59136.44996633479,0.5613481451344062,0.0
59136.45691081491,0.5121866713950325,0.0
59136.46385529502,0.34854785779849207,0.0
59136.47079977513,0.8040304750179406,0.0
59136.47774425513,0.572879873637919,0.0
59136.48468873513,0.6346874167855501,0.0
59136.491633215126,0.38176127760777034,0.0
59136.498577695005,-1.8865339771768652,0.0
59136.505522174884,1.3978186482728185,0.0
59136.512466654654,-0.08410324778699563,0.0
59136.51941113442,1.8280302889347577,0.0
59136.52635561418,0.24270428165756525,0.0
59136.53330009394,1.4725382677096228,0.0
59136.540244573596,0.2901705826126757,0.0
59136.547189053126,1.4869949346848772,0.0
59136.554133532656,0.03485828521159251,0.0
59136.56107801219,0.6722092641020033,0.0
59136.56802249172,0.21948329865569105,0.0
59136.57496697114,0.3230277319453183,0.0
59136.58191145055,-0.7208688918580569,0.0
59136.588855929855,0.3199577652772591,0.0
59136.59580040915,-0.8505183806467571,0.0
59136.60274488845,-0.26955592396070416,0.0
59136.60968936763,-0.6918906108578443,0.0
59136.61663384682,-0.27693746357717486,0.0
59136.62357832588,-0.1967766017121163,0.0
59136.630522804946,0.3651520657628242,0.0
59136.63746728402,0.9084000557132454,0.0
59136.64441176308,0.3519807789430861,0.0
59136.65135624203,0.08712393394433837,0.0
59136.65830072086,0.22423997826116127,0.0
59136.66524519981,0.09516859837845848,0.0
59136.67218967865,0.5092168484352644,0.0
59136.67913415736,-0.23185289049473584,0.0
59136.686078636194,0.3792921140979293,0.0
59136.6930231148,0.7610152293291461,0.0
59136.699967593515,0.613422146210903,0.0
59136.70691207211,1.0851476568978602,0.0
59136.71385655071,-0.48978258833216903,0.0
59136.720801029194,0.2199040421402465,0.0
59136.727745507684,0.41085669923324525,0.0
59136.734689986166,0.39591896058662657,0.0
59136.74163446453,0.5559096059530177,0.0
59136.748578942905,0.4556312010324715,0.0
59136.75552342127,0.4475088622378556,0.0
59136.76246789952,1.080009528340221,0.0
59136.76941237765,0.07264991893865691,0.0
59136.77635685591,-0.29324267008324245,0.0
59136.78330133404,-0.845804413077559,0.0
59136.790245812175,-0.5643821650524452,0.0
59136.79719029019,0.9626304541415325,0.0
59136.804134768216,0.5428468589095945,0.0
59136.81107924623,0.17396481717794154,0.0
59136.81802372413,0.8998104076310183,0.0
59136.82496820203,0.7419512744761342,0.0
59136.83191267982,-0.4138100304284248,0.0
59136.83885715761,0.2782489459371731,0.0
59136.84580163539,1.1850605424551532,0.0
59136.852746113174,1.5251221184253614,0.0
59136.85969059085,-0.28304540225944674,0.0
59136.8666350684,0.011065214628882991,0.0
59136.87357954607,0.5044802380738258,0.0
59136.880524023625,1.5279132054861606,0.0
59136.88746850106,0.34866454448080775,0.0
59136.894412978494,-0.1364927605446179,0.0
59136.90135745593,0.6552976136707396,0.0
59136.90830193336,0.4861304797946453,0.0
59136.91524641069,1.066271970485341,0.0
59136.92219088789,1.142994191662721,0.0
59136.92913536521,1.5960035659731044,0.0
59136.93607984242,-0.6794827396489385,0.0
59136.94302431962,0.3532724880022934,0.0
59136.9499687967,0.834124236196982,0.0
59136.95691327379,-0.02831078397463682,0.0
59136.963857750765,-0.3138807293354535,0.0
59136.970802227734,-0.5312687063630971,0.0
59136.9777467047,-0.41355385292011493,0.0
59136.98469118167,0.6770008647345249,0.0
59136.99163565853,-0.1770802760742296,0.0
59136.99858013538,-0.3286913854045873,0.0
59137.00552461212,-0.2902091995567475,0.0
59137.01246908886,0.5940773092116309,0.0
59137.0194135656,0.8750902431161905,0.0
59137.02635804222,1.3508475115087877,0.0
59137.03330251884,1.0605574893477132,0.0
59137.04024699534,0.9924001056325202,0.0
59137.04719147185,0.33589808220346706,0.0
59137.054135948354,0.8350292704939947,0.0
59137.06108042486,1.0925967725180068,0.0
59137.06802490125,1.1433675270984214,0.0
59137.07496937764,1.0078269162794133,0.0
59137.08191385391,0.20202830304173602,0.0
59137.088858330186,-0.7368014627261157,0.0
59137.09580280634,0.7058114092177878,0.0
59137.10274728261,0.04207561082152034,0.0
59137.109691758764,-0.3026006899087875,0.0
59137.1166362348,0.5997578530019401,0.0
59137.123580710846,0.10497734268504877,0.0
59137.13052518688,1.699763561225479,0.0
59137.13746966292,0.5510155903891848,0.0
59137.14441413885,-1.3947035768958378,0.0
59137.151358614654,-1.1009337892383164,0.0
59137.158303090575,0.4722915783660888,0.0
59137.16524756639,-0.5295064529098823,0.0
59137.172192042075,0.042345695818607976,0.0
59137.17913651788,-1.2429709763709975,0.0
59137.18608099357,-0.31419794344958574,0.0
59137.19302546914,1.5293420427782594,0.0
59137.19996994472,-0.015459245926539689,0.0
59137.20691442029,0.0,0.0
59137.21385889586,-0.3016298778759059,0.0
59137.22080337132,0.30855142555628245,0.0
59137.227747846664,0.030416582861495733,0.0
59137.23469232212,-0.1841484408027687,0.0
59137.24163679746,0.43058272261902436,0.0
59137.24858127268,-0.7204451963968167,0.0
59137.25552574803,1.7896136598645886,0.0
59137.26247022325,-0.09466162616043672,0.0
59137.269414698356,0.25617268199993715,0.0
59137.27635917347,-0.6392756047105134,0.0
59137.283303648575,0.9486297144673431,0.0
59137.29024812368,0.1441124574744449,0.0
59137.29719259867,-0.20133683171886285,0.0
59137.30413707367,0.2089112077283708,0.0
59137.31108154854,0.4266731740735753,0.0
59137.318026023415,0.41332170273857394,0.0
59137.32497049829,0.8782469006220369,0.0
59137.33191497305,-0.03888945975373509,0.0
59137.33885944781,0.1985111996314577,0.0
59137.34580392245,0.563434543503021,0.0
59137.352748397214,0.020689714903187162,0.0
59137.35969287174,0.8414409495581185,0.0
59137.36663734638,0.21534310150131453,0.0
59137.3735818209,0.22910278475312512,0.0
59137.380526295434,0.49049707364184836,0.0
59137.38747076984,0.6131494684846552,0.0
59137.39441524425,1.1566887066449754,0.0
59137.40135971866,-1.0905320880179068,0.0
59137.408304192955,1.988082665544437,0.0
59137.41524866725,0.22777711429665923,0.0
59137.42219314154,0.03204956495504474,0.0
59137.42913761572,1.429296784550596,0.0
59137.436082089895,0.9728800732567707,0.0
59137.44302656407,0.35875824616606466,0.0
59137.44997103813,0.002897944962229282,0.0
59137.45691551219,2.2306756472151674,0.0
59137.463859986136,-0.8111443604463449,0.0
59137.47080446008,0.04475212172793111,0.0
59137.47774893402,0.5778033656295907,0.0
59137.48469340785,-1.0496850204467671,0.0
59137.49163788168,1.1041492269644482,0.0
59137.4985823555,-0.181326187999983,0.0
59137.50552682921,1.2572344315421549,0.0
59137.51247130292,-0.2708670520172687,0.0
59137.51941577664,-0.8750697689180691,0.0
59137.52636025023,-0.16053241484702874,0.0
59137.533304723824,0.006109002793564855,0.0
59137.54024919731,-0.40615369160993486,0.0
59137.54719367078,0.14389579074311099,0.0
59137.55413814426,0.44109400215994543,0.0
59137.56108261763,-1.559888497647111,0.0
59137.56802709099,-0.7035358582512401,0.0
59137.57497156435,0.3363727675764442,0.0
59137.58191603771,0.14297519777355783,0.0
59137.58886051084,-0.19169278175279533,0.0
59137.595804984085,-1.7427188587690143,0.0
59137.60274945721,-1.2569381781876747,0.0
59137.60969393034,0.10919852423522713,0.0
59137.61663840347,-0.35916835489335386,0.0
59137.623582876484,0.09660978246000812,0.0
59137.630527349495,-0.5581036627433139,0.0
59137.637471822396,-1.147170203388343,0.0
59137.64441629529,-0.7249823153532964,0.0
59137.651360768185,0.04764886600663021,0.0
59137.65830524096,-0.02093475645336118,0.0
59137.66524971375,0.4658936551986874,0.0
59137.672194186525,0.5963920958932643,0.0
59137.67913865919,0.6037410075274249,0.0
59137.68608313185,0.6578212048815405,0.0
59137.69302760452,0.7096156500625073,0.0
59137.69997207706,-0.4055616233865076,0.0
59137.70691654961,1.764367548073557,0.0
59137.71386102215,-0.13176502592995726,0.0
59137.72080549458,2.153935330350781,0.0
59137.727749967016,-0.4752235688284676,0.0
59137.73469443933,-0.3124399428951274,0.0
59137.74163891164,1.2716033785782803,0.0
59137.74858338396,0.6191180337732713,0.0
59137.755527856156,0.5630547903688847,0.0
59137.76247232835,0.2962610350368642,0.0
59137.769416800555,-1.0619427440242801,0.0
59137.776361272634,-0.28378433626814203,0.0
59137.78330574471,0.7272545555397341,0.0
59137.79025021679,0.4468677831845522,0.0
59137.797194688756,-0.19693427333289915,0.0
59137.804139160726,-0.8676964816286861,0.0
59137.81108363257,0.7455548830089791,0.0
59137.81802810442,0.3981495692013771,0.0
59137.82497257627,-0.37597134332024607,0.0
59137.83191704812,-0.43824478167863434,0.0
59137.83886151985,0.6612213841096657,0.0
59137.84580599158,0.8786522574619176,0.0
59137.8527504632,0.8884093775218042,0.0
59137.859694934814,-0.9125630029223726,0.0
59137.86663940643,0.27529571338963854,0.0
59137.873583877925,-0.17313644741634837,0.0
59137.88052834943,0.2786329856272418,0.0
59137.88747282081,0.662386504568201,0.0
59137.89441729231,-0.7804226703481877,0.0
59137.901361763696,-0.24347289513546755,0.0
59137.90830623496,-0.7611149638203347,0.0
59137.915250706224,0.6565211013351759,0.0
59137.92219517749,0.7097899655080182,0.0
59137.929139648644,0.8737307041729736,0.0
59137.93608411991,0.249050441952542,0.0
59137.94302859094,0.10542853876899527,0.0
59137.94997306209,0.1312131435300753,0.0
59137.95691753313,0.7452335154125662,0.0
59137.96386200404,-0.6460410087908457,0.0
59137.970806475074,0.5824040934096903,0.0
59137.977750946,0.40675508263808224,0.0
59137.984695416795,0.4910499654732261,0.0
59137.99163988771,-0.19722401316442872,0.0
59137.99858435839,-0.13075488173324978,0.0
59138.0055288292,-0.6322888920619114,0.0
59138.01247329988,-0.19170323311823434,0.0
59138.01941777056,-0.47240927701615765,0.0
59138.02636224113,-0.5889347008174377,0.0
59138.03330671182,0.7707362335249055,0.0
59138.04025118227,1.5183631985259212,0.0
59138.047195652834,1.391215651575497,0.0
59138.05414012329,-0.2856461925182835,0.0
59138.061084593624,-0.7467190287462968,0.0
59138.068029064074,-0.5403540547322878,0.0
59138.07497353441,0.5510603146574135,0.0
59138.081918004624,1.0044770457400545,0.0
59138.088862474964,0.9505061266268784,0.0
59138.09580694518,1.3089652938073948,0.0
59138.10275141528,0.2992618663910759,0.0
59138.10969588539,0.16254498468825862,0.0
59138.11664035549,0.6041230335819041,0.0
59138.12358482559,-0.07554347895959712,0.0
59138.13052929558,-0.0653807676884699,0.0
59138.137473765564,0.4003004757665416,0.0
59138.14441823543,0.2663011630644039,0.0
59138.1513627053,-0.25671286339139066,0.0
59138.15830717517,-0.8108198340814606,0.0
59138.165251644925,0.7330449780413562,0.0
59138.172196114676,0.1419479707190035,0.0
59138.17914058443,0.5793470820395974,0.0
59138.18608505407,0.2120812090747548,0.0
59138.1930295237,-0.33366392892955754,0.0
59138.19997399334,-0.8401576255806212,0.0
59138.206918462856,0.7918337291542403,0.0
59138.21386293238,-0.33352449693330843,0.0
59138.2208074019,-0.7525922556065929,0.0
59138.2277518713,0.015632798317615992,0.0
59138.2346963407,0.9374540636252617,0.0
59138.241640809996,0.522728599546869,0.0
59138.24858527928,-0.19027906735039002,0.0
59138.25552974857,-0.4611873531637546,0.0
59138.26247421786,0.415650690196274,0.0
59138.26941868703,-1.075500398878944,0.0
59138.27636315608,0.37231362051490624,0.0
59138.28330762525,1.0745029454549655,0.0
59138.29025209431,0.13746062262913827,0.0
59138.297196563246,0.8037072866241557,0.0
59138.3041410323,0.6980874118625776,0.0
59138.311085501235,1.8594570988221513,0.0
59138.31802997006,0.8676813591203756,0.0
59138.324974439,0.10182681324030185,0.0
59138.3319189077,0.24657646306311531,0.0
59138.33886337653,0.8986432755893969,0.0
59138.34580784523,0.43702814645389143,0.0
59138.352752313935,0.466277187070797,0.0
59138.35969678264,0.37702765929796755,0.0
59138.36664125123,-0.13387843816579048,0.0
59138.3735857197,1.127528345473092,0.0
59138.38053018829,0.7700082118374949,0.0
59138.38747465676,0.2806629222685779,0.0
59138.39441912524,-0.4754464788912077,0.0
59138.40136359359,1.0202171714969248,0.0
59138.408308061946,0.6743174519906405,0.0
59138.41525253031,0.5594339812003579,0.0
59138.422196998545,1.5671012377016844,0.0
59138.42914146678,0.4185762490212688,0.0
59138.43608593502,0.5620840320561843,0.0
59138.44303040315,-0.5368125371577984,0.0
59138.44997487127,-1.0856281828220538,0.0
59138.456919339274,0.7901340548655891,0.0
59138.463863807396,0.1509564238269484,0.0
59138.47080827541,-0.4738805541733867,0.0
59138.477752743296,-1.1369862741771963,0.0
59138.484697211185,0.29094109423838777,0.0
59138.49164167908,-0.8493421239500047,0.0
59138.49858614685,-0.1573564574689592,0.0
59138.50553061474,-0.47939705676427047,0.0
59138.512475082396,0.5635375104406707,0.0
59138.519419550175,-0.41532197739493104,0.0
59138.52636401783,0.9881335815663536,0.0
59138.53330848549,0.9309380125136364,0.0
59138.540252953026,0.8083730046705374,0.0
59138.54719742057,-0.6181000774311116,0.0
59138.55414188811,0.3346758623196487,0.0
59138.561086355534,0.3345633487976675,0.0
59138.568030822964,-0.03764253833275766,0.0
59138.57497529027,-0.062256461331331225,0.0
59138.58191975769,0.5435727082750206,0.0
59138.58886422501,1.1427382871036387,0.0
59138.5958086922,0.543299380004211,0.0
59138.602753159386,0.23915840167138747,0.0
59138.609697626576,0.562251140275233,0.0
59138.616642093766,-0.8091014222934441,0.0
59138.62358656085,-0.2158950741168476,0.0
59138.63053102792,-0.9407502018945821,0.0
59138.63747549488,0.4683449591991966,0.0
59138.64441996184,1.5756299092559973,0.0
59138.6513644288,-3.3647363829227928,0.0
59138.65830889564,0.13484442804415941,0.0
59138.66525336248,0.9923127108053452,0.0
59138.67219782933,0.42953781608694047,0.0
59138.67914229605,-0.4219839443617457,0.0
59138.68608676278,0.639209207058733,0.0
59138.6930312295,0.971337591565353,0.0
59138.699975696116,0.1855338197943045,0.0
59138.706920162724,-0.26218084517832385,0.0
59138.71386462933,0.25550092261575075,0.0
59138.72080909583,1.026024789468294,0.0
59138.72775356232,0.18167817289953125,0.0
59138.73469802881,-0.38069209505488905,0.0
59138.74164249519,-0.12586953638774545,0.0
59138.74858696156,-0.29321619664414844,0.0
59138.75553142783,1.3336995040789204,0.0
59138.762475894204,-0.837425793902859,0.0
59138.769420360346,1.4440440331187758,0.0
59138.77636482661,1.2945014371642425,0.0
59138.783309292754,0.14721153170285095,0.0
59138.790253758896,-0.3938133619135165,0.0
59138.79719822493,0.31520665762715677,0.0
59138.804142690955,-0.14680646276805415,0.0
59138.81108715698,-0.04934146250370841,0.0
59138.81803162289,-0.863103925634993,0.0
59138.82497608881,0.14877045308809905,0.0
59138.831920554716,0.7301559329096136,0.0
59138.838865020625,-1.758225012245714,0.0
59138.84580948642,1.4780793320951844,0.0
59138.8527539521,0.2801823952295377,0.0
59138.85969841778,0.227826925507144,0.0
59138.866642883455,-0.9783817348913424,0.0
59138.87358734913,0.7987474529296968,0.0
59138.8805318147,0.246874295421074,0.0
59138.88747628026,-0.049095728591321164,0.0
59138.89442074582,0.546539211374236,0.0
59138.90136521126,0.2366371031958705,0.0
59138.90830967671,1.0973411175901204,0.0
59138.91525414204,0.3956741685375247,0.0
59138.922198607484,0.03136406938256675,0.0
59138.9291430727,0.41547985084226313,0.0
59138.93608753803,0.8248822815947587,0.0
59138.94303200324,-0.5467416751225767,0.0
59138.94997646846,-0.4824228881688628,0.0
59138.95692093355,0.07809512194900775,0.0
59138.96386539865,0.6103392464527493,0.0
59138.97080986374,0.8318623033986465,0.0
59138.977754328844,0.9047187848577887,0.0
59138.98469879382,-0.08646036869058243,0.0
59138.99164325868,0.6911641740295504,0.0
59138.99858772366,1.0047776072674486,0.0
59139.00553218853,-0.16376331826725843,0.0
59139.01247665339,0.18767611621509972,0.0
59139.01942111814,-0.09890064696593237,0.0
59139.02636558289,-0.0876977168825811,0.0
59139.033310047635,-0.10101508379194257,0.0
59139.04025451226,0.725890859967868,0.0
59139.04719897689,0.4208641229812846,0.0
59139.05414344141,0.6058196876613211,0.0
59139.06108790604,0.007112815430388664,0.0
59139.06803237055,1.0494489278386865,0.0
59139.07497683495,1.3755188291754028,0.0
59139.08192129935,0.29079595192498764,0.0
59139.08886576375,-0.47389541173982197,0.0
59139.095810228144,0.7827310042942713,0.0
59139.10275469243,0.3477038253859063,0.0
59139.10969915671,0.04201778655357424,0.0
59139.11664362099,0.6613836599529653,0.0
59139.12358808515,0.19533766929250196,0.0
59139.13053254932,1.151161147783039,0.0
59139.13747701337,0.7194930246068478,0.0
59139.14442147742,-0.7946867178985049,0.0
59139.15136594146,0.4324495285647738,0.0
59139.1583104054,-0.8530781948686214,0.0
59139.16525486945,-0.37545488868690347,0.0
59139.17219933326,0.11773967300830662,0.0
59139.1791437972,0.9020406430649507,0.0
59139.18608826101,0.4980668941297911,0.0
59139.19303272483,0.37356244120146864,0.0
59139.199977188524,-0.681187452718029,0.0
59139.20692165223,0.4719357643381137,0.0
59139.213866115926,0.18258561088392167,0.0
59139.22081057951,0.07284470783762043,0.0
59139.227755043095,0.4841576280222509,0.0
59139.23469950668,1.233735984389323,0.0
59139.24164397014,-0.2430158425709844,0.0
59139.248588433606,0.31364469305094334,0.0
59139.25553289708,0.42252761938720274,0.0
59139.262477360426,1.2003522176330512,0.0
59139.269421823774,-0.12655828173928974,0.0
59139.27636628712,0.22998696535390278,0.0
59139.28331075036,0.2492043286441299,0.0
59139.29025521359,0.4379537434474394,0.0
59139.297199676825,0.8662427804851854,0.0
59139.30414413994,2.3587180082282706,0.0
59139.31108860306,0.3828915226436641,0.0
59139.31803306606,-0.7196725534360482,0.0
59139.32497752918,1.2414275505084156,0.0
59139.33192199218,1.0210851200306086,0.0
59139.338866455066,0.741006046791775,0.0
59139.34581091795,0.4289098997278329,0.0
59139.35275538083,0.11581647240587367,0.0
59139.35969984372,1.043558476538145,0.0
59139.36664430649,0.16451404552753524,0.0
59139.37358876925,0.4315861414869277,0.0
59139.3805332319,1.654259653692964,0.0
59139.387477694676,-0.4258356213468124,0.0
59139.39442215721,-0.6883939714742088,0.0
59139.40136661986,1.181451417232785,0.0
59139.4083110824,-0.6275176042704531,0.0
59139.41525554493,-0.17884495292701674,0.0
59139.42220000735,1.285646925229557,0.0
59139.429144469774,0.1731500219841272,0.0
59139.43608893219,0.015081730013517092,0.0
59139.44303339461,1.5642786163313787,0.0
59139.456922319216,0.3443804647200226,0.0
59139.4638667814,-0.2440522313163329,0.0
59139.470811243584,0.8190298228970406,0.0
59139.47775570577,0.48834880921683765,0.0
59139.48470016784,0.1863711372685224,0.0
59139.49164463003,0.9562347023324791,0.0
59139.49858909198,0.26473907426348553,0.0
59139.50553355405,0.016473573680123144,0.0
59139.512478016004,0.10278301541551538,0.0
59139.519422477955,0.6271412905357084,0.0
59139.52636693979,0.08065523847103517,0.0
59139.53331140163,-0.6874410461585231,0.0
59139.54025586347,0.2512049003681699,0.0
59139.547200325185,1.6109802353966733,0.0
59139.5541447869,0.13334225794415822,0.0
59139.56108924863,-0.14305956382996302,0.0
59139.56803371023,0.9673293651422841,0.0
59139.57497817195,1.1661158711617983,0.0
59139.58192263344,1.3114693029318722,0.0
59139.588867095044,-0.028388938315216494,0.0
59139.59581155653,0.9790486443160057,0.0
59139.602756017906,-0.14324230623231649,0.0
59139.60970047939,0.5705451988958252,0.0
59139.61664494076,1.0152908782271206,0.0
59139.62358940213,0.4532935443316298,0.0
59139.63053386339,-0.2511721250063873,0.0
59139.63747832464,1.1684510097984164,0.0
59139.644422785896,1.7387073351979216,0.0
59139.65136724703,-0.6106496391109109,0.0
59139.658311708175,0.4305543373200802,0.0
59139.66525616931,-0.5620820741591201,0.0
59139.67220063033,0.16596286723763592,0.0
59139.67914509135,1.25023540717623,0.0
59139.68608955238,-0.19245893628441357,0.0
59139.69303401328,0.1520002072624006,0.0
59139.699978474186,0.08002706434842555,0.0
59139.7069229351,-0.6954063023285337,0.0
59139.71386739588,0.3754824923249894,0.0
59139.72081185667,-0.48380843236212046,0.0
59139.72775631746,0.9324158245012291,0.0
59139.734700778135,0.8324155355108389,0.0
59139.741645238806,0.18984376073933273,0.0
59139.74858969948,-0.4780151379296511,0.0
59139.755534160155,0.8720061084581203,0.0
59139.76247862071,-0.8923412897217838,0.0
59139.76942308115,-0.5223801770173744,0.0
59139.7763675417,0.8208067295185164,0.0
59139.783312002146,-0.22962141423888272,0.0
59139.79025646247,-0.8829072973915073,0.0
59139.797200922905,-0.44449711911961143,0.0
59139.80414538323,0.9943853204773987,0.0
59139.811089843555,1.1653628611075935,0.0
59139.81803430376,-0.12913033130594764,0.0
59139.824978763965,0.2662125571824827,0.0
59139.83192322418,-0.0724430526923292,0.0
59139.838867684266,-0.5273157853958593,0.0
59139.845812144355,0.026196551257681944,0.0
59139.85275660445,0.05651613355408602,0.0
59139.85970106442,-0.0880497159671747,0.0
59139.866645524395,1.3710129507878734,0.0
59139.87358998437,0.8999365888038233,0.0
59139.88053444434,1.4204079354460952,0.0
59139.8874789042,0.03504431511602091,0.0
59139.89442336406,-0.6198448381530481,0.0
59139.9013678238,0.8652403272946321,0.0
59139.90831228354,-0.11374029505074845,0.0
59139.91525674328,-0.6072424274287658,0.0
59139.922201202906,-0.07078061772661748,0.0
59139.929145662536,-0.7872130149996308,0.0
59139.93609012216,-0.134551198510231,0.0
59139.94303458178,0.2187634954517539,0.0
59139.94997904129,-1.1799007466998797,0.0
59139.9569235008,0.4044455392563746,0.0
59139.96386796019,1.0288413574046293,0.0
59139.97081241958,0.27009240426442505,0.0
59139.97775687897,0.6174249520357455,0.0
59139.98470133837,-0.34827897975897715,0.0
59139.99164579764,0.3144898862062093,0.0
59139.99859025692,-1.0444133731182417,0.0
59140.00553471608,-1.0385114721684374,0.0
59140.012479175355,0.4694802486307714,0.0
59140.01942363451,0.3253963371826778,0.0
59140.02636809356,-0.14832601236345155,0.0
59140.0333125526,-0.6754862559741728,0.0
59140.04025701164,-0.7634008679786248,0.0
59140.04720147068,0.015807224507285333,0.0
59140.054145929615,0.1606998817073917,0.0
59140.06109038854,0.7626939644871964,0.0
59140.06803484746,-0.041634254595477316,0.0
59140.07497930627,0.46168598847871234,0.0
59140.08192376509,0.04624773923856296,0.0
59140.088868223895,-0.13272318192500343,0.0
59140.095812682586,-0.9171128291019599,0.0
59140.102757141285,1.391521280751891,0.0
59140.10970159998,0.19019851945856736,0.0
59140.11664605855,0.17187593613530083,0.0
59140.12359051713,-0.47256588330951743,0.0
59140.13053497571,-0.24083673558303875,0.0
59140.137479434285,0.608757803307391,0.0
59140.14442389274,0.2064953702201473,0.0
59140.1513683512,-1.270046644655352,0.0
59140.15831280955,1.0407938529361225,0.0
59140.165257267894,0.6538664444687443,0.0
59140.17220172624,-1.0298382200995482,0.0
59140.179146184586,1.0938283599117442,0.0
59140.18609064281,0.41674561033556934,0.0
59140.19303510104,0.33539255339961294,0.0
59140.199979559155,-0.794369394347461,0.0
59140.20692401738,1.0828712272248744,0.0
59140.21386847537,1.7058082601459237,0.0
59140.22081293348,-0.7534389037115581,0.0
59140.22775739148,-0.057924530448516975,0.0
59140.23470184948,-0.94554688322029,0.0
59140.24164630747,1.1527110765581412,0.0
59140.248590765346,0.4079623690119085,0.0
59140.25553522323,-0.20400484596455293,0.0
59140.26247968111,-0.2404606502488278,0.0
59140.26942413898,0.8642764719608369,0.0
59140.27636859675,0.018609462771173924,0.0
59140.28331305451,-0.5056973448874889,0.0
59140.290257512155,1.022997103088315,0.0
59140.2972019698,1.5558703588836913,0.0
59140.30414642745,-0.4913683828670248,0.0
59140.311090885094,-0.5191881342010216,0.0
59140.31803534262,-0.8564142201297145,0.0
59140.32497980015,1.2421655313839377,0.0
59140.33192425757,1.3976417918651851,0.0
59140.338868715095,-0.17783399493824525,0.0
59140.345813172506,-0.3583768600038457,0.0
59140.35275762981,1.624499384811445,0.0
59140.35970208722,1.2549528280358473,0.0
59140.36664654451,2.259783044694638,0.0
59140.37359100181,0.6887470689847834,0.0
59140.38053545899,-1.120825132773728,0.0
59140.38747991617,0.2651496240695277,0.0
59140.39442437335,0.01792190119970094,0.0
59140.401368830535,0.5624745959746775,0.0
59140.4083132876,1.2879179191753707,0.0
59140.41525774466,-0.678729725855101,0.0
59140.422202201604,0.7093971797126883,0.0
59140.42914665867,1.4749459638966798,0.0
59140.43609111562,-1.195075055405674,0.0
59140.44303557245,2.066022454392325,0.0
59140.4499800294,0.4047244289705034,0.0
59140.45692448623,-1.888201960162661,0.0
59140.46386894306,-0.9465398327869039,0.0
59140.47081339978,-1.0414115687817649,0.0
59140.47775785649,-0.3398828706900261,0.0
59140.4847023132,0.9310025115633245,0.0
59140.491646769915,-0.9978733405209219,0.0
59140.49859122651,-0.7629587919998428,0.0
59140.505535683114,0.9444268545403816,0.0
59140.51248013971,-0.9524581753453099,0.0
59140.51942459619,-0.044915098749598314,0.0
59140.52636905268,-0.09801655947434895,0.0
59140.53331350916,0.2555652825242234,0.0
59140.54025796564,0.9063896241543574,0.0
59140.54720242201,-0.07868722987418408,0.0
59140.55414687837,-0.5943511938276131,0.0
59140.56109133462,0.511746299197636,0.0
59140.56803579098,-0.14352631226673296,0.0
59140.574980247235,-0.40254359126984696,0.0
59140.581924703365,1.7600845633281494,0.0
59140.58886915961,0.9564779288039809,0.0
59140.59581361575,-0.5273226861718356,0.0
59140.60275807188,-0.27724476783647134,0.0
59140.609702527894,-0.7440113389657483,0.0
59140.61664698391,-0.5899543246724903,0.0
59140.62359143993,-0.024169953269197464,0.0
59140.63053589594,-0.5970326196039721,0.0
59140.63748035184,-0.7487611032398007,0.0
59140.64442480786,-0.031845790022103415,0.0
59140.65136926364,-0.17411086780863982,0.0
59140.65831371954,-0.80560656215631,0.0
59140.66525817532,-0.6162472658512073,0.0
59140.6722026311,0.6109047690151179,0.0
59140.67914708689,0.8516151681893973,0.0
59140.68609154256,0.7784481531515226,0.0
59140.69303599823,1.2533020141848255,0.0
59140.699980453894,-1.0310089110272536,0.0
59140.70692490944,1.025980101343471,0.0
59140.71386936511,-0.0021428339085360903,0.0
59140.72081382066,-0.06818277983312626,0.0
59140.727758276094,-1.1666906056175286,0.0
59140.73470273164,0.07968184243179621,0.0
59140.741647187075,0.28020413727596605,0.0
59140.748591642514,-0.3969340165675703,0.0
59140.75553609783,-1.6905752120044646,0.0
59140.762480553145,-0.2620671988612031,0.0
59140.76942500846,-0.05308888073742324,0.0
59140.77636946378,0.09339331661826478,0.0
59140.7833139191,-0.28746125744000395,0.0
59140.7902583743,-0.21884619322769439,0.0
59140.797202829504,0.0005177009245898034,0.0
59140.80414728459,-0.4449580248878604,0.0
59140.811091739786,-0.9968442677365807,0.0
59140.818036194876,-0.5698761237991619,0.0
59140.82498064984,0.7380646270766071,0.0
59140.831925104925,0.1533427947143977,0.0
59140.83886955989,-0.22995496656725933,0.0
59140.845814014865,1.2320139891019615,0.0
59140.85275846983,-0.09273619097784547,0.0
59140.85970292468,-0.25634057735390314,0.0
59140.86664737953,-0.671032625842436,0.0
59140.87359183439,-0.4690568019986614,0.0
59140.88053628924,-0.6698603142187807,0.0
59140.88748074397,-0.09806714721285203,0.0
59140.89442519871,-1.098136948276938,0.0
59140.901369653446,0.023131029816568116,0.0
59140.90831410818,-1.6888594835520294,0.0
59140.915258562796,-0.505258567300622,0.0
59140.92220301742,-0.17391220181833944,0.0
59140.92914747204,0.06789604003093785,0.0
59140.936091926655,1.1850054636430016,0.0
59140.94303638116,1.077294025100727,0.0
59140.94998083566,-0.27175423764190043,0.0
59140.956925290164,0.8778730568810929,0.0
59140.96386974455,0.9049112653799867,0.0
59140.97081419894,0.5863531739878454,0.0
59140.977758653324,0.5307558578626725,0.0
59140.98470310771,0.04462906052614102,0.0
59140.9916475621,-0.1223057051355525,0.0
59140.99859201637,-0.6896059837609272,0.0
59141.005536470635,0.4001637490959382,0.0
59141.01248092491,-0.09353639386013413,0.0
59141.01942537906,-0.4232051440694704,0.0
59141.02636983321,-0.6932488847077849,0.0
59141.033314287364,0.4380986150278616,0.0
59141.04025874152,-1.450935199394209,0.0
59141.047203195674,-0.24463223743607898,0.0
59141.05414764971,-0.8978285545728681,0.0
59141.06109210375,0.9690029858394595,0.0
59141.06803655779,-0.05557371620728446,0.0
59141.074981011705,-0.7526667923471067,0.0
59141.08192546574,0.11142263012703069,0.0
59141.088869919666,0.4163824856470981,0.0
59141.095814373584,-0.5264671066106388,0.0
59141.10275882739,-1.5502142517788613,0.0
59141.10970328131,0.14882024710298936,0.0
59141.116647735114,-0.7961059792629683,0.0
59141.12359218892,-0.3486952997208945,0.0
59141.13053664261,0.8412325022156963,0.0
59141.13748109641,-1.3777470202500481,0.0
59141.1444255501,0.12726199752102474,0.0
59141.15137000378,-1.0923690736354175,0.0
59141.15831445747,1.2395423639803695,0.0
59141.165258911045,0.8694537471999411,0.0
59141.17220336473,0.8109682670444727,0.0
59141.1791478183,1.6156986424018385,0.0
59141.18609227188,-0.49163969737483626,0.0
59141.19303672533,-0.3124454110619155,0.0
59141.1999811789,0.5220602514284138,0.0
59141.20692563236,-0.5875062597466325,0.0
59141.21387008581,-2.0917112165042795,0.0
59141.220814539265,-0.12126904202399658,0.0
59141.2277589926,-0.46829251946562067,0.0
59141.23470344606,-0.5716168540770354,0.0
59141.2416478994,-1.4647781356451475,0.0
59141.248592352735,0.27005242437465427,0.0
59141.25553680608,-0.7535550436339804,0.0
59141.2624812593,-1.496902195442786,0.0
59141.269425712635,-0.27089636707735565,0.0
59141.276370165855,-0.802065827577664,0.0
59141.28331461908,-0.21066931260546085,0.0
59141.2902590723,-1.8643867655362385,0.0
59141.297203525406,1.8209399979411387,0.0
59141.30414797863,0.3787315045636035,0.0
59141.31109243174,1.5836334888814179,0.0
59141.31803688484,0.19613907698487765,0.0
59141.324981337944,0.42596620051449463,0.0
59141.33192579094,1.3091866762650284,0.0
59141.33887024404,0.48304401745073733,0.0
59141.34581469703,-0.3395196230273285,0.0
59141.352759150024,0.7832779973951887,0.0
59141.35970360301,-0.4594491353897894,0.0
59141.366648056,-0.046959403159306135,0.0
59141.37359250887,-0.10800092321341026,0.0
59141.380536961864,-0.33596639290718144,0.0
59141.387481414735,-1.390118656439725,0.0
59141.394425867606,0.009341891907681088,0.0
59141.401370320484,0.18832163246862876,0.0
59141.40831477324,1.0840645406081393,0.0
59141.41525922611,0.5246255550939338,0.0
59141.42220367886,-0.8661654068426685,0.0
59141.42914813174,1.9816894276752066,0.0
59141.436092584496,0.3341527082328213,0.0
59141.44303703725,1.0477571296460866,0.0
59141.44998148989,1.1123629954925462,0.0
59141.45692594265,0.1611562660904582,0.0
59141.46387039529,-0.4881165050571781,0.0
59141.47081484804,-0.38295659932688864,0.0
59141.47775930069,-0.9946211701336267,0.0
59141.484703753325,-0.8026638732410873,0.0
59141.49164820596,0.2844605397392854,0.0
59141.49859265849,-0.3670119282898554,0.0
59141.50553711113,0.5733839942235477,0.0
59141.51248156365,-1.3243875537035876,0.0
59141.51942601629,0.19422784705558627,0.0
59141.52637046882,1.3047498559996455,0.0
59141.53331492134,-0.7559687095465364,0.0
59141.54025937386,0.5006238188256305,0.0
59141.54720382639,-1.703169026436953,0.0
59141.554148278796,-0.24996571382240518,0.0
59141.56109273132,1.359952422827405,0.0
59141.56803718384,-1.7477699726628657,0.0
59141.57498163625,-0.02886743025794658,0.0
59141.58192608866,-0.6983534789426074,0.0
59141.58887054106,-0.6989644447176033,0.0
59141.595814993474,1.664046436786748,0.0
59141.60275944588,-0.3726595698608435,0.0
59141.609703898284,-1.9694936091007378,0.0
59141.61664835069,-1.0076350113127432,0.0
59141.6235928031,1.178834623835911,0.0
59141.63053725539,-0.028432782911608,0.0
59141.637481707796,-1.6350412632168343,0.0
59141.644426160085,1.7214230580007666,0.0
59141.6513706125,0.4233406610597399,0.0
59141.658315064786,-0.5016454002030741,0.0
59141.665259517074,0.44766746517089473,0.0
59141.67220396937,0.4636971526926459,0.0
59141.67914842166,0.6105877043762291,0.0
59141.68609287395,-0.3432622054061767,0.0
59141.693037326244,-1.3996142670744973,0.0
59141.69998177853,-0.8817548078921504,0.0
59141.70692623082,1.2495884102564503,0.0
59141.71387068312,-0.4390143073520676,0.0
59141.720815135406,-0.8797846693988163,0.0
59141.72775958758,0.421770633333864,0.0
59141.73470403987,-1.0090844344303491,0.0
59141.74164849216,-1.1378505054333061,0.0
59141.748592944336,-1.7080809813977567,0.0
59141.755537396624,-1.2908118776645097,0.0
59141.7624818488,-0.6489802572465635,0.0
59141.76942630109,0.4858684587388211,0.0
59141.776370753265,-0.2269222001342257,0.0
59141.783315205554,-1.1055968726628862,0.0
59141.79025965785,-1.0821043426585106,0.0
59141.79720411002,0.2779402952025407,0.0
59141.80414856231,1.774573724791793,0.0
59141.81109301449,-0.08513458110192573,0.0
59141.81803746678,0.16532897717300443,0.0
59141.82498191895,-1.3786544236788814,0.0
59141.83192637125,-1.6396650944290059,0.0
59141.84581527571,-0.5315099679146158,0.0
59141.852759728,-0.404870652578893,0.0
59141.85970418017,-2.1164933591121837,0.0
59141.866648632466,-0.5157418650303782,0.0
59141.873593084754,-0.07905485645403587,0.0
59141.88053753704,0.7028994157504371,0.0
59141.88748198934,1.0873757934653554,0.0
59141.89442644163,-0.5692581941329422,0.0
59141.90137089392,-0.3030497110405008,0.0
59141.90831534621,-0.012104098741758662,0.0
59141.9152597985,-0.7708322109010055,0.0
59141.922204250906,-1.876064750255864,0.0
59141.9291487032,0.10098811730225066,0.0
59141.93609315549,-1.9351240653901414,0.0
59141.943037607896,-1.2838848931016287,0.0
59141.9499820603,0.27007095991433516,0.0
59141.9569265126,-0.36819037628185924,0.0
59141.963870965,-0.6019302426900595,0.0
59141.97081541741,-0.728279784566098,0.0
59141.98470432234,1.8673761488026344,0.0
59141.99164877475,1.2336395386849404,0.0
59141.99859322727,0.447589180423563,0.0
59142.0055376798,-0.2322869415474429,0.0
59142.01942658484,-0.7777412847562459,0.0
59142.02637103737,1.5825896805072261,0.0
59142.03331549001,2.77065104894308,0.0
59142.04025994253,3.673786061586668,0.0
59142.04720439517,-0.8995426266170625,0.0
59142.05414884781,0.471619556232838,0.0
59142.06109330045,-3.5748924383291296,0.0
59142.068037753204,-0.8114443174645771,0.0
59142.07498220596,-0.18033655806800652,0.0
59142.08192665872,-0.18976075330130016,0.0
59142.088871111475,-1.3165965021687498,0.0
59142.09581556423,1.2510986099923116,0.0
59142.10276001711,-1.82473510397989,0.0
59142.10970446998,-0.922171013975003,0.0
59142.15831564102,0.44894620522552486,0.0
59142.16526009412,-0.7996887458261313,0.0
59142.17220454734,-1.7064516789430968,0.0
59142.17914900057,-0.8846793723239443,0.0
59142.193037907135,0.5257768444527642,0.0
59142.206926813924,-1.3941463164252355,0.0
59142.227760174406,0.11270530667218281,0.0
59142.26248244296,3.203034205227482,0.0
59142.26942689677,-2.681135747320468,0.0
59142.27637135069,-2.7570587449499726,0.0
59142.28331580472,1.314975311317994,0.0
59142.32498252999,-1.9361702281839825,0.0
59142.3458158935,0.18908948218165733,0.0
59142.35276034812,-0.897765583736259,0.0
59142.35970480286,-1.6286427185873436,0.0
59142.36664925771,-1.8188423452135112,0.0
59142.37359371256,1.8567547046163781,0.0
59142.38053816764,1.0055150103577262,0.0
59142.38748262262,-1.211687080305751,0.0
59142.394427077816,-2.1413150334230977,0.0
59142.401371533015,0.5157182642883527,0.0
59142.40831598833,1.7564546791859357,0.0
59142.41526044377,-1.1423558608714757,0.0
59142.43609381042,1.6299430362706744,0.0
59142.4430382662,-3.9339594084946157,0.0
59142.4499827221,1.2755960565907571,0.0
59142.45692717812,-1.1107114684618864,0.0
59142.463871634136,-2.8112136922078435,0.0
59142.47081609038,0.16883669829849168,0.0
59142.47776054663,-1.1063668529513961,0.0
59142.484705003,-4.881386236448748,0.0
59142.49859391619,-1.5880468040654705,0.0
59142.51248282974,-2.248771895532741,0.0
59142.51942728669,3.0073869143327556,0.0
59142.526371743756,-0.9632161678266584,0.0
59142.53331620105,-2.9701287412896136,0.0
59142.56109403117,-1.5965612744722648,0.0
59142.581927405154,0.7482673793992944,0.0
59142.588871863496,-3.446381759173846,0.0
59142.60276078042,-5.42920957891215,0.0
59142.60970523923,2.1296643528676213,0.0
59142.61664969804,-1.5430434019067434,0.0
59142.63053861624,-4.782014264615555,0.0
59142.651371994885,-0.5244971823713058,0.0
59142.66526091471,-2.155097867089353,0.0
59142.71387213977,-3.1645551008964503,0.0
